1 0 1
2 1 2
4 2 3
8 4 4
17 9 5
34 18 6
69 37 7
139 75 8
279 150 9
558 300 10
558 301 10
559 300 10
559 301 10
1117 601 11
1117 602 11
1118 601 11
1118 602 11
2235 1203 12
2235 1204 12
2236 1203 12
2236 1204 12
4470 2406 13
4470 2407 13
4470 2408 13
4471 2406 13
4471 2407 13
4471 2408 13
4472 2406 13
4472 2407 13
4472 2408 13
8941 4813 14
8941 4814 14
8941 4815 14
8941 4816 14
8942 4813 14
8942 4814 14
8942 4815 14
8942 4816 14
8943 4813 14
8943 4814 14
8943 4815 14
8943 4816 14
8944 4813 14
8944 4814 14
8944 4815 14
8944 4816 14
8945 4813 14
8945 4814 14
8945 4815 14
8945 4816 14
17883 9627 15
17883 9628 15
17883 9629 15
17883 9630 15
17883 9631 15
17883 9632 15
17884 9627 15
17884 9628 15
17884 9629 15
17884 9630 15
17884 9631 15
17884 9632 15
17885 9627 15
17885 9628 15
17885 9629 15
17885 9630 15
17885 9631 15
17885 9632 15
17886 9627 15
17886 9628 15
17886 9629 15
17886 9630 15
17886 9631 15
17886 9632 15
17887 9627 15
17887 9628 15
17887 9629 15
17887 9630 15
17887 9631 15
17887 9632 15
17888 9627 15
17888 9628 15
17888 9629 15
17888 9630 15
17888 9631 15
17888 9632 15
17889 9627 15
17889 9628 15
17889 9629 15
17889 9630 15
17889 9631 15
17889 9632 15
17890 9627 15
17890 9628 15
17890 9629 15
17890 9630 15
17890 9631 15
17890 9632 15
35766 19255 16
35766 19256 16
35766 19257 16
35766 19258 16
35766 19259 16
35766 19260 16
35766 19261 16
35766 19262 16
35766 19263 16
35766 19264 16
35766 19265 16
35767 19255 16
35767 19256 16
35767 19257 16
35767 19258 16
35767 19259 16
35767 19260 16
35767 19261 16
35767 19262 16
35767 19263 16
35767 19264 16
35767 19265 16
35768 19255 16
35768 19256 16
35768 19257 16
35768 19258 16
35768 19259 16
35768 19260 16
35768 19261 16
35768 19262 16
35768 19263 16
35768 19264 16
35768 19265 16
35769 19255 16
35769 19256 16
35769 19257 16
35769 19258 16
35769 19259 16
35769 19260 16
35769 19261 16
35769 19262 16
35769 19263 16
35769 19264 16
35769 19265 16
35770 19255 16
35770 19256 16
35770 19257 16
35770 19258 16
35770 19259 16
35770 19260 16
35770 19261 16
35770 19262 16
35770 19263 16
35770 19264 16
35770 19265 16
35771 19255 16
35771 19256 16
35771 19257 16
35771 19258 16
35771 19259 16
35771 19260 16
35771 19261 16
35771 19262 16
35771 19263 16
35771 19264 16
35771 19265 16
35772 19255 16
35772 19256 16
35772 19257 16
35772 19258 16
35772 19259 16
35772 19260 16
35772 19261 16
35772 19262 16
35772 19263 16
35772 19264 16
35772 19265 16
35773 19255 16
35773 19256 16
35773 19257 16
35773 19258 16
35773 19259 16
35773 19260 16
35773 19261 16
35773 19262 16
35773 19263 16
35773 19264 16
35773 19265 16
35774 19255 16
35774 19256 16
35774 19257 16
35774 19258 16
35774 19259 16
35774 19260 16
35774 19261 16
35774 19262 16
35774 19263 16
35774 19264 16
35774 19265 16
35775 19255 16
35775 19256 16
35775 19257 16
35775 19258 16
35775 19259 16
35775 19260 16
35775 19261 16
35775 19262 16
35775 19263 16
35775 19264 16
35775 19265 16
35776 19255 16
35776 19256 16
35776 19257 16
35776 19258 16
35776 19259 16
35776 19260 16
35776 19261 16
35776 19262 16
35776 19263 16
35776 19264 16
35776 19265 16
35777 19255 16
35777 19256 16
35777 19257 16
35777 19258 16
35777 19259 16
35777 19260 16
35777 19261 16
35777 19262 16
35777 19263 16
35777 19264 16
35777 19265 16
35778 19255 16
35778 19256 16
35778 19257 16
35778 19258 16
35778 19259 16
35778 19260 16
35778 19261 16
35778 19262 16
35778 19263 16
35778 19264 16
35778 19265 16
35779 19255 16
35779 19256 16
35779 19257 16
35779 19258 16
35779 19259 16
35779 19260 16
35779 19261 16
35779 19262 16
35779 19263 16
35779 19264 16
35779 19265 16
35780 19255 16
35780 19256 16
35780 19257 16
35780 19258 16
35780 19259 16
35780 19260 16
35780 19261 16
35780 19262 16
35780 19263 16
35780 19264 16
35780 19265 16
71532 38510 17
71532 38511 17
71532 38512 17
71532 38513 17
71532 38514 17
71532 38515 17
71532 38516 17
71532 38517 17
71532 38518 17
71532 38519 17
71532 38520 17
71532 38521 17
71532 38522 17
71532 38523 17
71532 38524 17
71532 38525 17
71532 38526 17
71532 38527 17
71532 38528 17
71532 38529 17
71532 38530 17
71532 38531 17
71533 38510 17
71533 38511 17
71533 38512 17
71533 38513 17
71533 38514 17
71533 38515 17
71533 38516 17
71533 38517 17
71533 38518 17
71533 38519 17
71533 38520 17
71533 38521 17
71533 38522 17
71533 38523 17
71533 38524 17
71533 38525 17
71533 38526 17
71533 38527 17
71533 38528 17
71533 38529 17
71533 38530 17
71533 38531 17
71534 38510 17
71534 38511 17
71534 38512 17
71534 38513 17
71534 38514 17
71534 38515 17
71534 38516 17
71534 38517 17
71534 38518 17
71534 38519 17
71534 38520 17
71534 38521 17
71534 38522 17
71534 38523 17
71534 38524 17
71534 38525 17
71534 38526 17
71534 38527 17
71534 38528 17
71534 38529 17
71534 38530 17
71534 38531 17
71535 38510 17
71535 38511 17
71535 38512 17
71535 38513 17
71535 38514 17
71535 38515 17
71535 38516 17
71535 38517 17
71535 38518 17
71535 38519 17
71535 38520 17
71535 38521 17
71535 38522 17
71535 38523 17
71535 38524 17
71535 38525 17
71535 38526 17
71535 38527 17
71535 38528 17
71535 38529 17
71535 38530 17
71535 38531 17
71536 38510 17
71536 38511 17
71536 38512 17
71536 38513 17
71536 38514 17
71536 38515 17
71536 38516 17
71536 38517 17
71536 38518 17
71536 38519 17
71536 38520 17
71536 38521 17
71536 38522 17
71536 38523 17
71536 38524 17
71536 38525 17
71536 38526 17
71536 38527 17
71536 38528 17
71536 38529 17
71536 38530 17
71536 38531 17
71537 38510 17
71537 38511 17
71537 38512 17
71537 38513 17
71537 38514 17
71537 38515 17
71537 38516 17
71537 38517 17
71537 38518 17
71537 38519 17
71537 38520 17
71537 38521 17
71537 38522 17
71537 38523 17
71537 38524 17
71537 38525 17
71537 38526 17
71537 38527 17
71537 38528 17
71537 38529 17
71537 38530 17
71537 38531 17
71538 38510 17
71538 38511 17
71538 38512 17
71538 38513 17
71538 38514 17
71538 38515 17
71538 38516 17
71538 38517 17
71538 38518 17
71538 38519 17
71538 38520 17
71538 38521 17
71538 38522 17
71538 38523 17
71538 38524 17
71538 38525 17
71538 38526 17
71538 38527 17
71538 38528 17
71538 38529 17
71538 38530 17
71538 38531 17
71539 38510 17
71539 38511 17
71539 38512 17
71539 38513 17
71539 38514 17
71539 38515 17
71539 38516 17
71539 38517 17
71539 38518 17
71539 38519 17
71539 38520 17
71539 38521 17
71539 38522 17
71539 38523 17
71539 38524 17
71539 38525 17
71539 38526 17
71539 38527 17
71539 38528 17
71539 38529 17
71539 38530 17
71539 38531 17
71540 38510 17
71540 38511 17
71540 38512 17
71540 38513 17
71540 38514 17
71540 38515 17
71540 38516 17
71540 38517 17
71540 38518 17
71540 38519 17
71540 38520 17
71540 38521 17
71540 38522 17
71540 38523 17
71540 38524 17
71540 38525 17
71540 38526 17
71540 38527 17
71540 38528 17
71540 38529 17
71540 38530 17
71540 38531 17
71541 38510 17
71541 38511 17
71541 38512 17
71541 38513 17
71541 38514 17
71541 38515 17
71541 38516 17
71541 38517 17
71541 38518 17
71541 38519 17
71541 38520 17
71541 38521 17
71541 38522 17
71541 38523 17
71541 38524 17
71541 38525 17
71541 38526 17
71541 38527 17
71541 38528 17
71541 38529 17
71541 38530 17
71541 38531 17
71542 38510 17
71542 38511 17
71542 38512 17
71542 38513 17
71542 38514 17
71542 38515 17
71542 38516 17
71542 38517 17
71542 38518 17
71542 38519 17
71542 38520 17
71542 38521 17
71542 38522 17
71542 38523 17
71542 38524 17
71542 38525 17
71542 38526 17
71542 38527 17
71542 38528 17
71542 38529 17
71542 38530 17
71542 38531 17
71543 38510 17
71543 38511 17
71543 38512 17
71543 38513 17
71543 38514 17
71543 38515 17
71543 38516 17
71543 38517 17
71543 38518 17
71543 38519 17
71543 38520 17
71543 38521 17
71543 38522 17
71543 38523 17
71543 38524 17
71543 38525 17
71543 38526 17
71543 38527 17
71543 38528 17
71543 38529 17
71543 38530 17
71543 38531 17
71544 38510 17
71544 38511 17
71544 38512 17
71544 38513 17
71544 38514 17
71544 38515 17
71544 38516 17
71544 38517 17
71544 38518 17
71544 38519 17
71544 38520 17
71544 38521 17
71544 38522 17
71544 38523 17
71544 38524 17
71544 38525 17
71544 38526 17
71544 38527 17
71544 38528 17
71544 38529 17
71544 38530 17
71544 38531 17
71545 38510 17
71545 38511 17
71545 38512 17
71545 38513 17
71545 38514 17
71545 38515 17
71545 38516 17
71545 38517 17
71545 38518 17
71545 38519 17
71545 38520 17
71545 38521 17
71545 38522 17
71545 38523 17
71545 38524 17
71545 38525 17
71545 38526 17
71545 38527 17
71545 38528 17
71545 38529 17
71545 38530 17
71545 38531 17
71546 38510 17
71546 38511 17
71546 38512 17
71546 38513 17
71546 38514 17
71546 38515 17
71546 38516 17
71546 38517 17
71546 38518 17
71546 38519 17
71546 38520 17
71546 38521 17
71546 38522 17
71546 38523 17
71546 38524 17
71546 38525 17
71546 38526 17
71546 38527 17
71546 38528 17
71546 38529 17
71546 38530 17
71546 38531 17
71547 38510 17
71547 38511 17
71547 38512 17
71547 38513 17
71547 38514 17
71547 38515 17
71547 38516 17
71547 38517 17
71547 38518 17
71547 38519 17
71547 38520 17
71547 38521 17
71547 38522 17
71547 38523 17
71547 38524 17
71547 38525 17
71547 38526 17
71547 38527 17
71547 38528 17
71547 38529 17
71547 38530 17
71547 38531 17
71548 38510 17
71548 38511 17
71548 38512 17
71548 38513 17
71548 38514 17
71548 38515 17
71548 38516 17
71548 38517 17
71548 38518 17
71548 38519 17
71548 38520 17
71548 38521 17
71548 38522 17
71548 38523 17
71548 38524 17
71548 38525 17
71548 38526 17
71548 38527 17
71548 38528 17
71548 38529 17
71548 38530 17
71548 38531 17
71549 38510 17
71549 38511 17
71549 38512 17
71549 38513 17
71549 38514 17
71549 38515 17
71549 38516 17
71549 38517 17
71549 38518 17
71549 38519 17
71549 38520 17
71549 38521 17
71549 38522 17
71549 38523 17
71549 38524 17
71549 38525 17
71549 38526 17
71549 38527 17
71549 38528 17
71549 38529 17
71549 38530 17
71549 38531 17
71550 38510 17
71550 38511 17
71550 38512 17
71550 38513 17
71550 38514 17
71550 38515 17
71550 38516 17
71550 38517 17
71550 38518 17
71550 38519 17
71550 38520 17
71550 38521 17
71550 38522 17
71550 38523 17
71550 38524 17
71550 38525 17
71550 38526 17
71550 38527 17
71550 38528 17
71550 38529 17
71550 38530 17
71550 38531 17
71551 38510 17
71551 38511 17
71551 38512 17
71551 38513 17
71551 38514 17
71551 38515 17
71551 38516 17
71551 38517 17
71551 38518 17
71551 38519 17
71551 38520 17
71551 38521 17
71551 38522 17
71551 38523 17
71551 38524 17
71551 38525 17
71551 38526 17
71551 38527 17
71551 38528 17
71551 38529 17
71551 38530 17
71551 38531 17
71552 38510 17
71552 38511 17
71552 38512 17
71552 38513 17
71552 38514 17
71552 38515 17
71552 38516 17
71552 38517 17
71552 38518 17
71552 38519 17
71552 38520 17
71552 38521 17
71552 38522 17
71552 38523 17
71552 38524 17
71552 38525 17
71552 38526 17
71552 38527 17
71552 38528 17
71552 38529 17
71552 38530 17
71552 38531 17
71553 38510 17
71553 38511 17
71553 38512 17
71553 38513 17
71553 38514 17
71553 38515 17
71553 38516 17
71553 38517 17
71553 38518 17
71553 38519 17
71553 38520 17
71553 38521 17
71553 38522 17
71553 38523 17
71553 38524 17
71553 38525 17
71553 38526 17
71553 38527 17
71553 38528 17
71553 38529 17
71553 38530 17
71553 38531 17
71554 38510 17
71554 38511 17
71554 38512 17
71554 38513 17
71554 38514 17
71554 38515 17
71554 38516 17
71554 38517 17
71554 38518 17
71554 38519 17
71554 38520 17
71554 38521 17
71554 38522 17
71554 38523 17
71554 38524 17
71554 38525 17
71554 38526 17
71554 38527 17
71554 38528 17
71554 38529 17
71554 38530 17
71554 38531 17
71555 38510 17
71555 38511 17
71555 38512 17
71555 38513 17
71555 38514 17
71555 38515 17
71555 38516 17
71555 38517 17
71555 38518 17
71555 38519 17
71555 38520 17
71555 38521 17
71555 38522 17
71555 38523 17
71555 38524 17
71555 38525 17
71555 38526 17
71555 38527 17
71555 38528 17
71555 38529 17
71555 38530 17
71555 38531 17
71556 38510 17
71556 38511 17
71556 38512 17
71556 38513 17
71556 38514 17
71556 38515 17
71556 38516 17
71556 38517 17
71556 38518 17
71556 38519 17
71556 38520 17
71556 38521 17
71556 38522 17
71556 38523 17
71556 38524 17
71556 38525 17
71556 38526 17
71556 38527 17
71556 38528 17
71556 38529 17
71556 38530 17
71556 38531 17
71557 38510 17
71557 38511 17
71557 38512 17
71557 38513 17
71557 38514 17
71557 38515 17
71557 38516 17
71557 38517 17
71557 38518 17
71557 38519 17
71557 38520 17
71557 38521 17
71557 38522 17
71557 38523 17
71557 38524 17
71557 38525 17
71557 38526 17
71557 38527 17
71557 38528 17
71557 38529 17
71557 38530 17
71557 38531 17
71558 38510 17
71558 38511 17
71558 38512 17
71558 38513 17
71558 38514 17
71558 38515 17
71558 38516 17
71558 38517 17
71558 38518 17
71558 38519 17
71558 38520 17
71558 38521 17
71558 38522 17
71558 38523 17
71558 38524 17
71558 38525 17
71558 38526 17
71558 38527 17
71558 38528 17
71558 38529 17
71558 38530 17
71558 38531 17
71559 38510 17
71559 38511 17
71559 38512 17
71559 38513 17
71559 38514 17
71559 38515 17
71559 38516 17
71559 38517 17
71559 38518 17
71559 38519 17
71559 38520 17
71559 38521 17
71559 38522 17
71559 38523 17
71559 38524 17
71559 38525 17
71559 38526 17
71559 38527 17
71559 38528 17
71559 38529 17
71559 38530 17
71559 38531 17
71560 38510 17
71560 38511 17
71560 38512 17
71560 38513 17
71560 38514 17
71560 38515 17
71560 38516 17
71560 38517 17
71560 38518 17
71560 38519 17
71560 38520 17
71560 38521 17
71560 38522 17
71560 38523 17
71560 38524 17
71560 38525 17
71560 38526 17
71560 38527 17
71560 38528 17
71560 38529 17
71560 38530 17
71560 38531 17
71561 38510 17
71561 38511 17
71561 38512 17
71561 38513 17
71561 38514 17
71561 38515 17
71561 38516 17
71561 38517 17
71561 38518 17
71561 38519 17
71561 38520 17
71561 38521 17
71561 38522 17
71561 38523 17
71561 38524 17
71561 38525 17
71561 38526 17
71561 38527 17
71561 38528 17
71561 38529 17
71561 38530 17
71561 38531 17
143065 77021 18
143065 77022 18
143065 77023 18
143065 77024 18
143065 77025 18
143065 77026 18
143065 77027 18
143065 77028 18
143065 77029 18
143065 77030 18
143065 77031 18
143065 77032 18
143065 77033 18
143065 77034 18
143065 77035 18
143065 77036 18
143065 77037 18
143065 77038 18
143065 77039 18
143065 77040 18
143065 77041 18
143065 77042 18
143065 77043 18
143065 77044 18
143065 77045 18
143065 77046 18
143065 77047 18
143065 77048 18
143065 77049 18
143065 77050 18
143065 77051 18
143065 77052 18
143065 77053 18
143065 77054 18
143065 77055 18
143065 77056 18
143065 77057 18
143065 77058 18
143065 77059 18
143065 77060 18
143065 77061 18
143065 77062 18
143065 77063 18
143066 77021 18
143066 77022 18
143066 77023 18
143066 77024 18
143066 77025 18
143066 77026 18
143066 77027 18
143066 77028 18
143066 77029 18
143066 77030 18
143066 77031 18
143066 77032 18
143066 77033 18
143066 77034 18
143066 77035 18
143066 77036 18
143066 77037 18
143066 77038 18
143066 77039 18
143066 77040 18
143066 77041 18
143066 77042 18
143066 77043 18
143066 77044 18
143066 77045 18
143066 77046 18
143066 77047 18
143066 77048 18
143066 77049 18
143066 77050 18
143066 77051 18
143066 77052 18
143066 77053 18
143066 77054 18
143066 77055 18
143066 77056 18
143066 77057 18
143066 77058 18
143066 77059 18
143066 77060 18
143066 77061 18
143066 77062 18
143066 77063 18
143067 77021 18
143067 77022 18
143067 77023 18
143067 77024 18
143067 77025 18
143067 77026 18
143067 77027 18
143067 77028 18
143067 77029 18
143067 77030 18
143067 77031 18
143067 77032 18
143067 77033 18
143067 77034 18
143067 77035 18
143067 77036 18
143067 77037 18
143067 77038 18
143067 77039 18
143067 77040 18
143067 77041 18
143067 77042 18
143067 77043 18
143067 77044 18
143067 77045 18
143067 77046 18
143067 77047 18
143067 77048 18
143067 77049 18
143067 77050 18
143067 77051 18
143067 77052 18
143067 77053 18
143067 77054 18
143067 77055 18
143067 77056 18
143067 77057 18
143067 77058 18
143067 77059 18
143067 77060 18
143067 77061 18
143067 77062 18
143067 77063 18
143068 77021 18
143068 77022 18
143068 77023 18
143068 77024 18
143068 77025 18
143068 77026 18
143068 77027 18
143068 77028 18
143068 77029 18
143068 77030 18
143068 77031 18
143068 77032 18
143068 77033 18
143068 77034 18
143068 77035 18
143068 77036 18
143068 77037 18
143068 77038 18
143068 77039 18
143068 77040 18
143068 77041 18
143068 77042 18
143068 77043 18
143068 77044 18
143068 77045 18
143068 77046 18
143068 77047 18
143068 77048 18
143068 77049 18
143068 77050 18
143068 77051 18
143068 77052 18
143068 77053 18
143068 77054 18
143068 77055 18
143068 77056 18
143068 77057 18
143068 77058 18
143068 77059 18
143068 77060 18
143068 77061 18
143068 77062 18
143068 77063 18
143069 77021 18
143069 77022 18
143069 77023 18
143069 77024 18
143069 77025 18
143069 77026 18
143069 77027 18
143069 77028 18
143069 77029 18
143069 77030 18
143069 77031 18
143069 77032 18
143069 77033 18
143069 77034 18
143069 77035 18
143069 77036 18
143069 77037 18
143069 77038 18
143069 77039 18
143069 77040 18
143069 77041 18
143069 77042 18
143069 77043 18
143069 77044 18
143069 77045 18
143069 77046 18
143069 77047 18
143069 77048 18
143069 77049 18
143069 77050 18
143069 77051 18
143069 77052 18
143069 77053 18
143069 77054 18
143069 77055 18
143069 77056 18
143069 77057 18
143069 77058 18
143069 77059 18
143069 77060 18
143069 77061 18
143069 77062 18
143069 77063 18
143070 77021 18
143070 77022 18
143070 77023 18
143070 77024 18
143070 77025 18
143070 77026 18
143070 77027 18
143070 77028 18
143070 77029 18
143070 77030 18
143070 77031 18
143070 77032 18
143070 77033 18
143070 77034 18
143070 77035 18
143070 77036 18
143070 77037 18
143070 77038 18
143070 77039 18
143070 77040 18
143070 77041 18
143070 77042 18
143070 77043 18
143070 77044 18
143070 77045 18
143070 77046 18
143070 77047 18
143070 77048 18
143070 77049 18
143070 77050 18
143070 77051 18
143070 77052 18
143070 77053 18
143070 77054 18
143070 77055 18
143070 77056 18
143070 77057 18
143070 77058 18
143070 77059 18
143070 77060 18
143070 77061 18
143070 77062 18
143070 77063 18
143071 77021 18
143071 77022 18
143071 77023 18
143071 77024 18
143071 77025 18
143071 77026 18
143071 77027 18
143071 77028 18
143071 77029 18
143071 77030 18
143071 77031 18
143071 77032 18
143071 77033 18
143071 77034 18
143071 77035 18
143071 77036 18
143071 77037 18
143071 77038 18
143071 77039 18
143071 77040 18
143071 77041 18
143071 77042 18
143071 77043 18
143071 77044 18
143071 77045 18
143071 77046 18
143071 77047 18
143071 77048 18
143071 77049 18
143071 77050 18
143071 77051 18
143071 77052 18
143071 77053 18
143071 77054 18
143071 77055 18
143071 77056 18
143071 77057 18
143071 77058 18
143071 77059 18
143071 77060 18
143071 77061 18
143071 77062 18
143071 77063 18
143072 77021 18
143072 77022 18
143072 77023 18
143072 77024 18
143072 77025 18
143072 77026 18
143072 77027 18
143072 77028 18
143072 77029 18
143072 77030 18
143072 77031 18
143072 77032 18
143072 77033 18
143072 77034 18
143072 77035 18
143072 77036 18
143072 77037 18
143072 77038 18
143072 77039 18
143072 77040 18
143072 77041 18
143072 77042 18
143072 77043 18
143072 77044 18
143072 77045 18
143072 77046 18
143072 77047 18
143072 77048 18
143072 77049 18
143072 77050 18
143072 77051 18
143072 77052 18
143072 77053 18
143072 77054 18
143072 77055 18
143072 77056 18
143072 77057 18
143072 77058 18
143072 77059 18
143072 77060 18
143072 77061 18
143072 77062 18
143072 77063 18
143073 77021 18
143073 77022 18
143073 77023 18
143073 77024 18
143073 77025 18
143073 77026 18
143073 77027 18
143073 77028 18
143073 77029 18
143073 77030 18
143073 77031 18
143073 77032 18
143073 77033 18
143073 77034 18
143073 77035 18
143073 77036 18
143073 77037 18
143073 77038 18
143073 77039 18
143073 77040 18
143073 77041 18
143073 77042 18
143073 77043 18
143073 77044 18
143073 77045 18
143073 77046 18
143073 77047 18
143073 77048 18
143073 77049 18
143073 77050 18
143073 77051 18
143073 77052 18
143073 77053 18
143073 77054 18
143073 77055 18
143073 77056 18
143073 77057 18
143073 77058 18
143073 77059 18
143073 77060 18
143073 77061 18
143073 77062 18
143073 77063 18
143074 77021 18
143074 77022 18
143074 77023 18
143074 77024 18
143074 77025 18
143074 77026 18
143074 77027 18
143074 77028 18
143074 77029 18
143074 77030 18
143074 77031 18
143074 77032 18
143074 77033 18
143074 77034 18
143074 77035 18
143074 77036 18
143074 77037 18
143074 77038 18
143074 77039 18
143074 77040 18
143074 77041 18
143074 77042 18
143074 77043 18
143074 77044 18
143074 77045 18
143074 77046 18
143074 77047 18
143074 77048 18
143074 77049 18
143074 77050 18
143074 77051 18
143074 77052 18
143074 77053 18
143074 77054 18
143074 77055 18
143074 77056 18
143074 77057 18
143074 77058 18
143074 77059 18
143074 77060 18
143074 77061 18
143074 77062 18
143074 77063 18
143075 77021 18
143075 77022 18
143075 77023 18
143075 77024 18
143075 77025 18
143075 77026 18
143075 77027 18
143075 77028 18
143075 77029 18
143075 77030 18
143075 77031 18
143075 77032 18
143075 77033 18
143075 77034 18
143075 77035 18
143075 77036 18
143075 77037 18
143075 77038 18
143075 77039 18
143075 77040 18
143075 77041 18
143075 77042 18
143075 77043 18
143075 77044 18
143075 77045 18
143075 77046 18
143075 77047 18
143075 77048 18
143075 77049 18
143075 77050 18
143075 77051 18
143075 77052 18
143075 77053 18
143075 77054 18
143075 77055 18
143075 77056 18
143075 77057 18
143075 77058 18
143075 77059 18
143075 77060 18
143075 77061 18
143075 77062 18
143075 77063 18
143076 77021 18
143076 77022 18
143076 77023 18
143076 77024 18
143076 77025 18
143076 77026 18
143076 77027 18
143076 77028 18
143076 77029 18
143076 77030 18
143076 77031 18
143076 77032 18
143076 77033 18
143076 77034 18
143076 77035 18
143076 77036 18
143076 77037 18
143076 77038 18
143076 77039 18
143076 77040 18
143076 77041 18
143076 77042 18
143076 77043 18
143076 77044 18
143076 77045 18
143076 77046 18
143076 77047 18
143076 77048 18
143076 77049 18
143076 77050 18
143076 77051 18
143076 77052 18
143076 77053 18
143076 77054 18
143076 77055 18
143076 77056 18
143076 77057 18
143076 77058 18
143076 77059 18
143076 77060 18
143076 77061 18
143076 77062 18
143076 77063 18
143077 77021 18
143077 77022 18
143077 77023 18
143077 77024 18
143077 77025 18
143077 77026 18
143077 77027 18
143077 77028 18
143077 77029 18
143077 77030 18
143077 77031 18
143077 77032 18
143077 77033 18
143077 77034 18
143077 77035 18
143077 77036 18
143077 77037 18
143077 77038 18
143077 77039 18
143077 77040 18
143077 77041 18
143077 77042 18
143077 77043 18
143077 77044 18
143077 77045 18
143077 77046 18
143077 77047 18
143077 77048 18
143077 77049 18
143077 77050 18
143077 77051 18
143077 77052 18
143077 77053 18
143077 77054 18
143077 77055 18
143077 77056 18
143077 77057 18
143077 77058 18
143077 77059 18
143077 77060 18
143077 77061 18
143077 77062 18
143077 77063 18
143078 77021 18
143078 77022 18
143078 77023 18
143078 77024 18
143078 77025 18
143078 77026 18
143078 77027 18
143078 77028 18
143078 77029 18
143078 77030 18
143078 77031 18
143078 77032 18
143078 77033 18
143078 77034 18
143078 77035 18
143078 77036 18
143078 77037 18
143078 77038 18
143078 77039 18
143078 77040 18
143078 77041 18
143078 77042 18
143078 77043 18
143078 77044 18
143078 77045 18
143078 77046 18
143078 77047 18
143078 77048 18
143078 77049 18
143078 77050 18
143078 77051 18
143078 77052 18
143078 77053 18
143078 77054 18
143078 77055 18
143078 77056 18
143078 77057 18
143078 77058 18
143078 77059 18
143078 77060 18
143078 77061 18
143078 77062 18
143078 77063 18
143079 77021 18
143079 77022 18
143079 77023 18
143079 77024 18
143079 77025 18
143079 77026 18
143079 77027 18
143079 77028 18
143079 77029 18
143079 77030 18
143079 77031 18
143079 77032 18
143079 77033 18
143079 77034 18
143079 77035 18
143079 77036 18
143079 77037 18
143079 77038 18
143079 77039 18
143079 77040 18
143079 77041 18
143079 77042 18
143079 77043 18
143079 77044 18
143079 77045 18
143079 77046 18
143079 77047 18
143079 77048 18
143079 77049 18
143079 77050 18
143079 77051 18
143079 77052 18
143079 77053 18
143079 77054 18
143079 77055 18
143079 77056 18
143079 77057 18
143079 77058 18
143079 77059 18
143079 77060 18
143079 77061 18
143079 77062 18
143079 77063 18
143080 77021 18
143080 77022 18
143080 77023 18
143080 77024 18
143080 77025 18
143080 77026 18
143080 77027 18
143080 77028 18
143080 77029 18
143080 77030 18
143080 77031 18
143080 77032 18
143080 77033 18
143080 77034 18
143080 77035 18
143080 77036 18
143080 77037 18
143080 77038 18
143080 77039 18
143080 77040 18
143080 77041 18
143080 77042 18
143080 77043 18
143080 77044 18
143080 77045 18
143080 77046 18
143080 77047 18
143080 77048 18
143080 77049 18
143080 77050 18
143080 77051 18
143080 77052 18
143080 77053 18
143080 77054 18
143080 77055 18
143080 77056 18
143080 77057 18
143080 77058 18
143080 77059 18
143080 77060 18
143080 77061 18
143080 77062 18
143080 77063 18
143081 77021 18
143081 77022 18
143081 77023 18
143081 77024 18
143081 77025 18
143081 77026 18
143081 77027 18
143081 77028 18
143081 77029 18
143081 77030 18
143081 77031 18
143081 77032 18
143081 77033 18
143081 77034 18
143081 77035 18
143081 77036 18
143081 77037 18
143081 77038 18
143081 77039 18
143081 77040 18
143081 77041 18
143081 77042 18
143081 77043 18
143081 77044 18
143081 77045 18
143081 77046 18
143081 77047 18
143081 77048 18
143081 77049 18
143081 77050 18
143081 77051 18
143081 77052 18
143081 77053 18
143081 77054 18
143081 77055 18
143081 77056 18
143081 77057 18
143081 77058 18
143081 77059 18
143081 77060 18
143081 77061 18
143081 77062 18
143081 77063 18
143082 77021 18
143082 77022 18
143082 77023 18
143082 77024 18
143082 77025 18
143082 77026 18
143082 77027 18
143082 77028 18
143082 77029 18
143082 77030 18
143082 77031 18
143082 77032 18
143082 77033 18
143082 77034 18
143082 77035 18
143082 77036 18
143082 77037 18
143082 77038 18
143082 77039 18
143082 77040 18
143082 77041 18
143082 77042 18
143082 77043 18
143082 77044 18
143082 77045 18
143082 77046 18
143082 77047 18
143082 77048 18
143082 77049 18
143082 77050 18
143082 77051 18
143082 77052 18
143082 77053 18
143082 77054 18
143082 77055 18
143082 77056 18
143082 77057 18
143082 77058 18
143082 77059 18
143082 77060 18
143082 77061 18
143082 77062 18
143082 77063 18
143083 77021 18
143083 77022 18
143083 77023 18
143083 77024 18
143083 77025 18
143083 77026 18
143083 77027 18
143083 77028 18
143083 77029 18
143083 77030 18
143083 77031 18
143083 77032 18
143083 77033 18
143083 77034 18
143083 77035 18
143083 77036 18
143083 77037 18
143083 77038 18
143083 77039 18
143083 77040 18
143083 77041 18
143083 77042 18
143083 77043 18
143083 77044 18
143083 77045 18
143083 77046 18
143083 77047 18
143083 77048 18
143083 77049 18
143083 77050 18
143083 77051 18
143083 77052 18
143083 77053 18
143083 77054 18
143083 77055 18
143083 77056 18
143083 77057 18
143083 77058 18
143083 77059 18
143083 77060 18
143083 77061 18
143083 77062 18
143083 77063 18
143084 77021 18
143084 77022 18
143084 77023 18
143084 77024 18
143084 77025 18
143084 77026 18
143084 77027 18
143084 77028 18
143084 77029 18
143084 77030 18
143084 77031 18
143084 77032 18
143084 77033 18
143084 77034 18
143084 77035 18
143084 77036 18
143084 77037 18
143084 77038 18
143084 77039 18
143084 77040 18
143084 77041 18
143084 77042 18
143084 77043 18
143084 77044 18
143084 77045 18
143084 77046 18
143084 77047 18
143084 77048 18
143084 77049 18
143084 77050 18
143084 77051 18
143084 77052 18
143084 77053 18
143084 77054 18
143084 77055 18
143084 77056 18
143084 77057 18
143084 77058 18
143084 77059 18
143084 77060 18
143084 77061 18
143084 77062 18
143084 77063 18
143085 77021 18
143085 77022 18
143085 77023 18
143085 77024 18
143085 77025 18
143085 77026 18
143085 77027 18
143085 77028 18
143085 77029 18
143085 77030 18
143085 77031 18
143085 77032 18
143085 77033 18
143085 77034 18
143085 77035 18
143085 77036 18
143085 77037 18
143085 77038 18
143085 77039 18
143085 77040 18
143085 77041 18
143085 77042 18
143085 77043 18
143085 77044 18
143085 77045 18
143085 77046 18
143085 77047 18
143085 77048 18
143085 77049 18
143085 77050 18
143085 77051 18
143085 77052 18
143085 77053 18
143085 77054 18
143085 77055 18
143085 77056 18
143085 77057 18
143085 77058 18
143085 77059 18
143085 77060 18
143085 77061 18
143085 77062 18
143085 77063 18
143086 77021 18
143086 77022 18
143086 77023 18
143086 77024 18
143086 77025 18
143086 77026 18
143086 77027 18
143086 77028 18
143086 77029 18
143086 77030 18
143086 77031 18
143086 77032 18
143086 77033 18
143086 77034 18
143086 77035 18
143086 77036 18
143086 77037 18
143086 77038 18
143086 77039 18
143086 77040 18
143086 77041 18
143086 77042 18
143086 77043 18
143086 77044 18
143086 77045 18
143086 77046 18
143086 77047 18
143086 77048 18
143086 77049 18
143086 77050 18
143086 77051 18
143086 77052 18
143086 77053 18
143086 77054 18
143086 77055 18
143086 77056 18
143086 77057 18
143086 77058 18
143086 77059 18
143086 77060 18
143086 77061 18
143086 77062 18
143086 77063 18
143087 77021 18
143087 77022 18
143087 77023 18
143087 77024 18
143087 77025 18
143087 77026 18
143087 77027 18
143087 77028 18
143087 77029 18
143087 77030 18
143087 77031 18
143087 77032 18
143087 77033 18
143087 77034 18
143087 77035 18
143087 77036 18
143087 77037 18
143087 77038 18
143087 77039 18
143087 77040 18
143087 77041 18
143087 77042 18
143087 77043 18
143087 77044 18
143087 77045 18
143087 77046 18
143087 77047 18
143087 77048 18
143087 77049 18
143087 77050 18
143087 77051 18
143087 77052 18
143087 77053 18
143087 77054 18
143087 77055 18
143087 77056 18
143087 77057 18
143087 77058 18
143087 77059 18
143087 77060 18
143087 77061 18
143087 77062 18
143087 77063 18
143088 77021 18
143088 77022 18
143088 77023 18
143088 77024 18
143088 77025 18
143088 77026 18
143088 77027 18
143088 77028 18
143088 77029 18
143088 77030 18
143088 77031 18
143088 77032 18
143088 77033 18
143088 77034 18
143088 77035 18
143088 77036 18
143088 77037 18
143088 77038 18
143088 77039 18
143088 77040 18
143088 77041 18
143088 77042 18
143088 77043 18
143088 77044 18
143088 77045 18
143088 77046 18
143088 77047 18
143088 77048 18
143088 77049 18
143088 77050 18
143088 77051 18
143088 77052 18
143088 77053 18
143088 77054 18
143088 77055 18
143088 77056 18
143088 77057 18
143088 77058 18
143088 77059 18
143088 77060 18
143088 77061 18
143088 77062 18
143088 77063 18
143089 77021 18
143089 77022 18
143089 77023 18
143089 77024 18
143089 77025 18
143089 77026 18
143089 77027 18
143089 77028 18
143089 77029 18
143089 77030 18
143089 77031 18
143089 77032 18
143089 77033 18
143089 77034 18
143089 77035 18
143089 77036 18
143089 77037 18
143089 77038 18
143089 77039 18
143089 77040 18
143089 77041 18
143089 77042 18
143089 77043 18
143089 77044 18
143089 77045 18
143089 77046 18
143089 77047 18
143089 77048 18
143089 77049 18
143089 77050 18
143089 77051 18
143089 77052 18
143089 77053 18
143089 77054 18
143089 77055 18
143089 77056 18
143089 77057 18
143089 77058 18
143089 77059 18
143089 77060 18
143089 77061 18
143089 77062 18
143089 77063 18
143090 77021 18
143090 77022 18
143090 77023 18
143090 77024 18
143090 77025 18
143090 77026 18
143090 77027 18
143090 77028 18
143090 77029 18
143090 77030 18
143090 77031 18
143090 77032 18
143090 77033 18
143090 77034 18
143090 77035 18
143090 77036 18
143090 77037 18
143090 77038 18
143090 77039 18
143090 77040 18
143090 77041 18
143090 77042 18
143090 77043 18
143090 77044 18
143090 77045 18
143090 77046 18
143090 77047 18
143090 77048 18
143090 77049 18
143090 77050 18
143090 77051 18
143090 77052 18
143090 77053 18
143090 77054 18
143090 77055 18
143090 77056 18
143090 77057 18
143090 77058 18
143090 77059 18
143090 77060 18
143090 77061 18
143090 77062 18
143090 77063 18
143091 77021 18
143091 77022 18
143091 77023 18
143091 77024 18
143091 77025 18
143091 77026 18
143091 77027 18
143091 77028 18
143091 77029 18
143091 77030 18
143091 77031 18
143091 77032 18
143091 77033 18
143091 77034 18
143091 77035 18
143091 77036 18
143091 77037 18
143091 77038 18
143091 77039 18
143091 77040 18
143091 77041 18
143091 77042 18
143091 77043 18
143091 77044 18
143091 77045 18
143091 77046 18
143091 77047 18
143091 77048 18
143091 77049 18
143091 77050 18
143091 77051 18
143091 77052 18
143091 77053 18
143091 77054 18
143091 77055 18
143091 77056 18
143091 77057 18
143091 77058 18
143091 77059 18
143091 77060 18
143091 77061 18
143091 77062 18
143091 77063 18
143092 77021 18
143092 77022 18
143092 77023 18
143092 77024 18
143092 77025 18
143092 77026 18
143092 77027 18
143092 77028 18
143092 77029 18
143092 77030 18
143092 77031 18
143092 77032 18
143092 77033 18
143092 77034 18
143092 77035 18
143092 77036 18
143092 77037 18
143092 77038 18
143092 77039 18
143092 77040 18
143092 77041 18
143092 77042 18
143092 77043 18
143092 77044 18
143092 77045 18
143092 77046 18
143092 77047 18
143092 77048 18
143092 77049 18
143092 77050 18
143092 77051 18
143092 77052 18
143092 77053 18
143092 77054 18
143092 77055 18
143092 77056 18
143092 77057 18
143092 77058 18
143092 77059 18
143092 77060 18
143092 77061 18
143092 77062 18
143092 77063 18
143093 77021 18
143093 77022 18
143093 77023 18
143093 77024 18
143093 77025 18
143093 77026 18
143093 77027 18
143093 77028 18
143093 77029 18
143093 77030 18
143093 77031 18
143093 77032 18
143093 77033 18
143093 77034 18
143093 77035 18
143093 77036 18
143093 77037 18
143093 77038 18
143093 77039 18
143093 77040 18
143093 77041 18
143093 77042 18
143093 77043 18
143093 77044 18
143093 77045 18
143093 77046 18
143093 77047 18
143093 77048 18
143093 77049 18
143093 77050 18
143093 77051 18
143093 77052 18
143093 77053 18
143093 77054 18
143093 77055 18
143093 77056 18
143093 77057 18
143093 77058 18
143093 77059 18
143093 77060 18
143093 77061 18
143093 77062 18
143093 77063 18
143094 77021 18
143094 77022 18
143094 77023 18
143094 77024 18
143094 77025 18
143094 77026 18
143094 77027 18
143094 77028 18
143094 77029 18
143094 77030 18
143094 77031 18
143094 77032 18
143094 77033 18
143094 77034 18
143094 77035 18
143094 77036 18
143094 77037 18
143094 77038 18
143094 77039 18
143094 77040 18
143094 77041 18
143094 77042 18
143094 77043 18
143094 77044 18
143094 77045 18
143094 77046 18
143094 77047 18
143094 77048 18
143094 77049 18
143094 77050 18
143094 77051 18
143094 77052 18
143094 77053 18
143094 77054 18
143094 77055 18
143094 77056 18
143094 77057 18
143094 77058 18
143094 77059 18
143094 77060 18
143094 77061 18
143094 77062 18
143094 77063 18
143095 77021 18
143095 77022 18
143095 77023 18
143095 77024 18
143095 77025 18
143095 77026 18
143095 77027 18
143095 77028 18
143095 77029 18
143095 77030 18
143095 77031 18
143095 77032 18
143095 77033 18
143095 77034 18
143095 77035 18
143095 77036 18
143095 77037 18
143095 77038 18
143095 77039 18
143095 77040 18
143095 77041 18
143095 77042 18
143095 77043 18
143095 77044 18
143095 77045 18
143095 77046 18
143095 77047 18
143095 77048 18
143095 77049 18
143095 77050 18
143095 77051 18
143095 77052 18
143095 77053 18
143095 77054 18
143095 77055 18
143095 77056 18
143095 77057 18
143095 77058 18
143095 77059 18
143095 77060 18
143095 77061 18
143095 77062 18
143095 77063 18
143096 77021 18
143096 77022 18
143096 77023 18
143096 77024 18
143096 77025 18
143096 77026 18
143096 77027 18
143096 77028 18
143096 77029 18
143096 77030 18
143096 77031 18
143096 77032 18
143096 77033 18
143096 77034 18
143096 77035 18
143096 77036 18
143096 77037 18
143096 77038 18
143096 77039 18
143096 77040 18
143096 77041 18
143096 77042 18
143096 77043 18
143096 77044 18
143096 77045 18
143096 77046 18
143096 77047 18
143096 77048 18
143096 77049 18
143096 77050 18
143096 77051 18
143096 77052 18
143096 77053 18
143096 77054 18
143096 77055 18
143096 77056 18
143096 77057 18
143096 77058 18
143096 77059 18
143096 77060 18
143096 77061 18
143096 77062 18
143096 77063 18
143097 77021 18
143097 77022 18
143097 77023 18
143097 77024 18
143097 77025 18
143097 77026 18
143097 77027 18
143097 77028 18
143097 77029 18
143097 77030 18
143097 77031 18
143097 77032 18
143097 77033 18
143097 77034 18
143097 77035 18
143097 77036 18
143097 77037 18
143097 77038 18
143097 77039 18
143097 77040 18
143097 77041 18
143097 77042 18
143097 77043 18
143097 77044 18
143097 77045 18
143097 77046 18
143097 77047 18
143097 77048 18
143097 77049 18
143097 77050 18
143097 77051 18
143097 77052 18
143097 77053 18
143097 77054 18
143097 77055 18
143097 77056 18
143097 77057 18
143097 77058 18
143097 77059 18
143097 77060 18
143097 77061 18
143097 77062 18
143097 77063 18
143098 77021 18
143098 77022 18
143098 77023 18
143098 77024 18
143098 77025 18
143098 77026 18
143098 77027 18
143098 77028 18
143098 77029 18
143098 77030 18
143098 77031 18
143098 77032 18
143098 77033 18
143098 77034 18
143098 77035 18
143098 77036 18
143098 77037 18
143098 77038 18
143098 77039 18
143098 77040 18
143098 77041 18
143098 77042 18
143098 77043 18
143098 77044 18
143098 77045 18
143098 77046 18
143098 77047 18
143098 77048 18
143098 77049 18
143098 77050 18
143098 77051 18
143098 77052 18
143098 77053 18
143098 77054 18
143098 77055 18
143098 77056 18
143098 77057 18
143098 77058 18
143098 77059 18
143098 77060 18
143098 77061 18
143098 77062 18
143098 77063 18
143099 77021 18
143099 77022 18
143099 77023 18
143099 77024 18
143099 77025 18
143099 77026 18
143099 77027 18
143099 77028 18
143099 77029 18
143099 77030 18
143099 77031 18
143099 77032 18
143099 77033 18
143099 77034 18
143099 77035 18
143099 77036 18
143099 77037 18
143099 77038 18
143099 77039 18
143099 77040 18
143099 77041 18
143099 77042 18
143099 77043 18
143099 77044 18
143099 77045 18
143099 77046 18
143099 77047 18
143099 77048 18
143099 77049 18
143099 77050 18
143099 77051 18
143099 77052 18
143099 77053 18
143099 77054 18
143099 77055 18
143099 77056 18
143099 77057 18
143099 77058 18
143099 77059 18
143099 77060 18
143099 77061 18
143099 77062 18
143099 77063 18
143100 77021 18
143100 77022 18
143100 77023 18
143100 77024 18
143100 77025 18
143100 77026 18
143100 77027 18
143100 77028 18
143100 77029 18
143100 77030 18
143100 77031 18
143100 77032 18
143100 77033 18
143100 77034 18
143100 77035 18
143100 77036 18
143100 77037 18
143100 77038 18
143100 77039 18
143100 77040 18
143100 77041 18
143100 77042 18
143100 77043 18
143100 77044 18
143100 77045 18
143100 77046 18
143100 77047 18
143100 77048 18
143100 77049 18
143100 77050 18
143100 77051 18
143100 77052 18
143100 77053 18
143100 77054 18
143100 77055 18
143100 77056 18
143100 77057 18
143100 77058 18
143100 77059 18
143100 77060 18
143100 77061 18
143100 77062 18
143100 77063 18
143101 77021 18
143101 77022 18
143101 77023 18
143101 77024 18
143101 77025 18
143101 77026 18
143101 77027 18
143101 77028 18
143101 77029 18
143101 77030 18
143101 77031 18
143101 77032 18
143101 77033 18
143101 77034 18
143101 77035 18
143101 77036 18
143101 77037 18
143101 77038 18
143101 77039 18
143101 77040 18
143101 77041 18
143101 77042 18
143101 77043 18
143101 77044 18
143101 77045 18
143101 77046 18
143101 77047 18
143101 77048 18
143101 77049 18
143101 77050 18
143101 77051 18
143101 77052 18
143101 77053 18
143101 77054 18
143101 77055 18
143101 77056 18
143101 77057 18
143101 77058 18
143101 77059 18
143101 77060 18
143101 77061 18
143101 77062 18
143101 77063 18
143102 77021 18
143102 77022 18
143102 77023 18
143102 77024 18
143102 77025 18
143102 77026 18
143102 77027 18
143102 77028 18
143102 77029 18
143102 77030 18
143102 77031 18
143102 77032 18
143102 77033 18
143102 77034 18
143102 77035 18
143102 77036 18
143102 77037 18
143102 77038 18
143102 77039 18
143102 77040 18
143102 77041 18
143102 77042 18
143102 77043 18
143102 77044 18
143102 77045 18
143102 77046 18
143102 77047 18
143102 77048 18
143102 77049 18
143102 77050 18
143102 77051 18
143102 77052 18
143102 77053 18
143102 77054 18
143102 77055 18
143102 77056 18
143102 77057 18
143102 77058 18
143102 77059 18
143102 77060 18
143102 77061 18
143102 77062 18
143102 77063 18
143103 77021 18
143103 77022 18
143103 77023 18
143103 77024 18
143103 77025 18
143103 77026 18
143103 77027 18
143103 77028 18
143103 77029 18
143103 77030 18
143103 77031 18
143103 77032 18
143103 77033 18
143103 77034 18
143103 77035 18
143103 77036 18
143103 77037 18
143103 77038 18
143103 77039 18
143103 77040 18
143103 77041 18
143103 77042 18
143103 77043 18
143103 77044 18
143103 77045 18
143103 77046 18
143103 77047 18
143103 77048 18
143103 77049 18
143103 77050 18
143103 77051 18
143103 77052 18
143103 77053 18
143103 77054 18
143103 77055 18
143103 77056 18
143103 77057 18
143103 77058 18
143103 77059 18
143103 77060 18
143103 77061 18
143103 77062 18
143103 77063 18
143104 77021 18
143104 77022 18
143104 77023 18
143104 77024 18
143104 77025 18
143104 77026 18
143104 77027 18
143104 77028 18
143104 77029 18
143104 77030 18
143104 77031 18
143104 77032 18
143104 77033 18
143104 77034 18
143104 77035 18
143104 77036 18
143104 77037 18
143104 77038 18
143104 77039 18
143104 77040 18
143104 77041 18
143104 77042 18
143104 77043 18
143104 77044 18
143104 77045 18
143104 77046 18
143104 77047 18
143104 77048 18
143104 77049 18
143104 77050 18
143104 77051 18
143104 77052 18
143104 77053 18
143104 77054 18
143104 77055 18
143104 77056 18
143104 77057 18
143104 77058 18
143104 77059 18
143104 77060 18
143104 77061 18
143104 77062 18
143104 77063 18
143105 77021 18
143105 77022 18
143105 77023 18
143105 77024 18
143105 77025 18
143105 77026 18
143105 77027 18
143105 77028 18
143105 77029 18
143105 77030 18
143105 77031 18
143105 77032 18
143105 77033 18
143105 77034 18
143105 77035 18
143105 77036 18
143105 77037 18
143105 77038 18
143105 77039 18
143105 77040 18
143105 77041 18
143105 77042 18
143105 77043 18
143105 77044 18
143105 77045 18
143105 77046 18
143105 77047 18
143105 77048 18
143105 77049 18
143105 77050 18
143105 77051 18
143105 77052 18
143105 77053 18
143105 77054 18
143105 77055 18
143105 77056 18
143105 77057 18
143105 77058 18
143105 77059 18
143105 77060 18
143105 77061 18
143105 77062 18
143105 77063 18
143106 77021 18
143106 77022 18
143106 77023 18
143106 77024 18
143106 77025 18
143106 77026 18
143106 77027 18
143106 77028 18
143106 77029 18
143106 77030 18
143106 77031 18
143106 77032 18
143106 77033 18
143106 77034 18
143106 77035 18
143106 77036 18
143106 77037 18
143106 77038 18
143106 77039 18
143106 77040 18
143106 77041 18
143106 77042 18
143106 77043 18
143106 77044 18
143106 77045 18
143106 77046 18
143106 77047 18
143106 77048 18
143106 77049 18
143106 77050 18
143106 77051 18
143106 77052 18
143106 77053 18
143106 77054 18
143106 77055 18
143106 77056 18
143106 77057 18
143106 77058 18
143106 77059 18
143106 77060 18
143106 77061 18
143106 77062 18
143106 77063 18
143107 77021 18
143107 77022 18
143107 77023 18
143107 77024 18
143107 77025 18
143107 77026 18
143107 77027 18
143107 77028 18
143107 77029 18
143107 77030 18
143107 77031 18
143107 77032 18
143107 77033 18
143107 77034 18
143107 77035 18
143107 77036 18
143107 77037 18
143107 77038 18
143107 77039 18
143107 77040 18
143107 77041 18
143107 77042 18
143107 77043 18
143107 77044 18
143107 77045 18
143107 77046 18
143107 77047 18
143107 77048 18
143107 77049 18
143107 77050 18
143107 77051 18
143107 77052 18
143107 77053 18
143107 77054 18
143107 77055 18
143107 77056 18
143107 77057 18
143107 77058 18
143107 77059 18
143107 77060 18
143107 77061 18
143107 77062 18
143107 77063 18
143108 77021 18
143108 77022 18
143108 77023 18
143108 77024 18
143108 77025 18
143108 77026 18
143108 77027 18
143108 77028 18
143108 77029 18
143108 77030 18
143108 77031 18
143108 77032 18
143108 77033 18
143108 77034 18
143108 77035 18
143108 77036 18
143108 77037 18
143108 77038 18
143108 77039 18
143108 77040 18
143108 77041 18
143108 77042 18
143108 77043 18
143108 77044 18
143108 77045 18
143108 77046 18
143108 77047 18
143108 77048 18
143108 77049 18
143108 77050 18
143108 77051 18
143108 77052 18
143108 77053 18
143108 77054 18
143108 77055 18
143108 77056 18
143108 77057 18
143108 77058 18
143108 77059 18
143108 77060 18
143108 77061 18
143108 77062 18
143108 77063 18
143109 77021 18
143109 77022 18
143109 77023 18
143109 77024 18
143109 77025 18
143109 77026 18
143109 77027 18
143109 77028 18
143109 77029 18
143109 77030 18
143109 77031 18
143109 77032 18
143109 77033 18
143109 77034 18
143109 77035 18
143109 77036 18
143109 77037 18
143109 77038 18
143109 77039 18
143109 77040 18
143109 77041 18
143109 77042 18
143109 77043 18
143109 77044 18
143109 77045 18
143109 77046 18
143109 77047 18
143109 77048 18
143109 77049 18
143109 77050 18
143109 77051 18
143109 77052 18
143109 77053 18
143109 77054 18
143109 77055 18
143109 77056 18
143109 77057 18
143109 77058 18
143109 77059 18
143109 77060 18
143109 77061 18
143109 77062 18
143109 77063 18
143110 77021 18
143110 77022 18
143110 77023 18
143110 77024 18
143110 77025 18
143110 77026 18
143110 77027 18
143110 77028 18
143110 77029 18
143110 77030 18
143110 77031 18
143110 77032 18
143110 77033 18
143110 77034 18
143110 77035 18
143110 77036 18
143110 77037 18
143110 77038 18
143110 77039 18
143110 77040 18
143110 77041 18
143110 77042 18
143110 77043 18
143110 77044 18
143110 77045 18
143110 77046 18
143110 77047 18
143110 77048 18
143110 77049 18
143110 77050 18
143110 77051 18
143110 77052 18
143110 77053 18
143110 77054 18
143110 77055 18
143110 77056 18
143110 77057 18
143110 77058 18
143110 77059 18
143110 77060 18
143110 77061 18
143110 77062 18
143110 77063 18
143111 77021 18
143111 77022 18
143111 77023 18
143111 77024 18
143111 77025 18
143111 77026 18
143111 77027 18
143111 77028 18
143111 77029 18
143111 77030 18
143111 77031 18
143111 77032 18
143111 77033 18
143111 77034 18
143111 77035 18
143111 77036 18
143111 77037 18
143111 77038 18
143111 77039 18
143111 77040 18
143111 77041 18
143111 77042 18
143111 77043 18
143111 77044 18
143111 77045 18
143111 77046 18
143111 77047 18
143111 77048 18
143111 77049 18
143111 77050 18
143111 77051 18
143111 77052 18
143111 77053 18
143111 77054 18
143111 77055 18
143111 77056 18
143111 77057 18
143111 77058 18
143111 77059 18
143111 77060 18
143111 77061 18
143111 77062 18
143111 77063 18
143112 77021 18
143112 77022 18
143112 77023 18
143112 77024 18
143112 77025 18
143112 77026 18
143112 77027 18
143112 77028 18
143112 77029 18
143112 77030 18
143112 77031 18
143112 77032 18
143112 77033 18
143112 77034 18
143112 77035 18
143112 77036 18
143112 77037 18
143112 77038 18
143112 77039 18
143112 77040 18
143112 77041 18
143112 77042 18
143112 77043 18
143112 77044 18
143112 77045 18
143112 77046 18
143112 77047 18
143112 77048 18
143112 77049 18
143112 77050 18
143112 77051 18
143112 77052 18
143112 77053 18
143112 77054 18
143112 77055 18
143112 77056 18
143112 77057 18
143112 77058 18
143112 77059 18
143112 77060 18
143112 77061 18
143112 77062 18
143112 77063 18
143113 77021 18
143113 77022 18
143113 77023 18
143113 77024 18
143113 77025 18
143113 77026 18
143113 77027 18
143113 77028 18
143113 77029 18
143113 77030 18
143113 77031 18
143113 77032 18
143113 77033 18
143113 77034 18
143113 77035 18
143113 77036 18
143113 77037 18
143113 77038 18
143113 77039 18
143113 77040 18
143113 77041 18
143113 77042 18
143113 77043 18
143113 77044 18
143113 77045 18
143113 77046 18
143113 77047 18
143113 77048 18
143113 77049 18
143113 77050 18
143113 77051 18
143113 77052 18
143113 77053 18
143113 77054 18
143113 77055 18
143113 77056 18
143113 77057 18
143113 77058 18
143113 77059 18
143113 77060 18
143113 77061 18
143113 77062 18
143113 77063 18
143114 77021 18
143114 77022 18
143114 77023 18
143114 77024 18
143114 77025 18
143114 77026 18
143114 77027 18
143114 77028 18
143114 77029 18
143114 77030 18
143114 77031 18
143114 77032 18
143114 77033 18
143114 77034 18
143114 77035 18
143114 77036 18
143114 77037 18
143114 77038 18
143114 77039 18
143114 77040 18
143114 77041 18
143114 77042 18
143114 77043 18
143114 77044 18
143114 77045 18
143114 77046 18
143114 77047 18
143114 77048 18
143114 77049 18
143114 77050 18
143114 77051 18
143114 77052 18
143114 77053 18
143114 77054 18
143114 77055 18
143114 77056 18
143114 77057 18
143114 77058 18
143114 77059 18
143114 77060 18
143114 77061 18
143114 77062 18
143114 77063 18
143115 77021 18
143115 77022 18
143115 77023 18
143115 77024 18
143115 77025 18
143115 77026 18
143115 77027 18
143115 77028 18
143115 77029 18
143115 77030 18
143115 77031 18
143115 77032 18
143115 77033 18
143115 77034 18
143115 77035 18
143115 77036 18
143115 77037 18
143115 77038 18
143115 77039 18
143115 77040 18
143115 77041 18
143115 77042 18
143115 77043 18
143115 77044 18
143115 77045 18
143115 77046 18
143115 77047 18
143115 77048 18
143115 77049 18
143115 77050 18
143115 77051 18
143115 77052 18
143115 77053 18
143115 77054 18
143115 77055 18
143115 77056 18
143115 77057 18
143115 77058 18
143115 77059 18
143115 77060 18
143115 77061 18
143115 77062 18
143115 77063 18
143116 77021 18
143116 77022 18
143116 77023 18
143116 77024 18
143116 77025 18
143116 77026 18
143116 77027 18
143116 77028 18
143116 77029 18
143116 77030 18
143116 77031 18
143116 77032 18
143116 77033 18
143116 77034 18
143116 77035 18
143116 77036 18
143116 77037 18
143116 77038 18
143116 77039 18
143116 77040 18
143116 77041 18
143116 77042 18
143116 77043 18
143116 77044 18
143116 77045 18
143116 77046 18
143116 77047 18
143116 77048 18
143116 77049 18
143116 77050 18
143116 77051 18
143116 77052 18
143116 77053 18
143116 77054 18
143116 77055 18
143116 77056 18
143116 77057 18
143116 77058 18
143116 77059 18
143116 77060 18
143116 77061 18
143116 77062 18
143116 77063 18
143117 77021 18
143117 77022 18
143117 77023 18
143117 77024 18
143117 77025 18
143117 77026 18
143117 77027 18
143117 77028 18
143117 77029 18
143117 77030 18
143117 77031 18
143117 77032 18
143117 77033 18
143117 77034 18
143117 77035 18
143117 77036 18
143117 77037 18
143117 77038 18
143117 77039 18
143117 77040 18
143117 77041 18
143117 77042 18
143117 77043 18
143117 77044 18
143117 77045 18
143117 77046 18
143117 77047 18
143117 77048 18
143117 77049 18
143117 77050 18
143117 77051 18
143117 77052 18
143117 77053 18
143117 77054 18
143117 77055 18
143117 77056 18
143117 77057 18
143117 77058 18
143117 77059 18
143117 77060 18
143117 77061 18
143117 77062 18
143117 77063 18
143118 77021 18
143118 77022 18
143118 77023 18
143118 77024 18
143118 77025 18
143118 77026 18
143118 77027 18
143118 77028 18
143118 77029 18
143118 77030 18
143118 77031 18
143118 77032 18
143118 77033 18
143118 77034 18
143118 77035 18
143118 77036 18
143118 77037 18
143118 77038 18
143118 77039 18
143118 77040 18
143118 77041 18
143118 77042 18
143118 77043 18
143118 77044 18
143118 77045 18
143118 77046 18
143118 77047 18
143118 77048 18
143118 77049 18
143118 77050 18
143118 77051 18
143118 77052 18
143118 77053 18
143118 77054 18
143118 77055 18
143118 77056 18
143118 77057 18
143118 77058 18
143118 77059 18
143118 77060 18
143118 77061 18
143118 77062 18
143118 77063 18
143119 77021 18
143119 77022 18
143119 77023 18
143119 77024 18
143119 77025 18
143119 77026 18
143119 77027 18
143119 77028 18
143119 77029 18
143119 77030 18
143119 77031 18
143119 77032 18
143119 77033 18
143119 77034 18
143119 77035 18
143119 77036 18
143119 77037 18
143119 77038 18
143119 77039 18
143119 77040 18
143119 77041 18
143119 77042 18
143119 77043 18
143119 77044 18
143119 77045 18
143119 77046 18
143119 77047 18
143119 77048 18
143119 77049 18
143119 77050 18
143119 77051 18
143119 77052 18
143119 77053 18
143119 77054 18
143119 77055 18
143119 77056 18
143119 77057 18
143119 77058 18
143119 77059 18
143119 77060 18
143119 77061 18
143119 77062 18
143119 77063 18
143120 77021 18
143120 77022 18
143120 77023 18
143120 77024 18
143120 77025 18
143120 77026 18
143120 77027 18
143120 77028 18
143120 77029 18
143120 77030 18
143120 77031 18
143120 77032 18
143120 77033 18
143120 77034 18
143120 77035 18
143120 77036 18
143120 77037 18
143120 77038 18
143120 77039 18
143120 77040 18
143120 77041 18
143120 77042 18
143120 77043 18
143120 77044 18
143120 77045 18
143120 77046 18
143120 77047 18
143120 77048 18
143120 77049 18
143120 77050 18
143120 77051 18
143120 77052 18
143120 77053 18
143120 77054 18
143120 77055 18
143120 77056 18
143120 77057 18
143120 77058 18
143120 77059 18
143120 77060 18
143120 77061 18
143120 77062 18
143120 77063 18
143121 77021 18
143121 77022 18
143121 77023 18
143121 77024 18
143121 77025 18
143121 77026 18
143121 77027 18
143121 77028 18
143121 77029 18
143121 77030 18
143121 77031 18
143121 77032 18
143121 77033 18
143121 77034 18
143121 77035 18
143121 77036 18
143121 77037 18
143121 77038 18
143121 77039 18
143121 77040 18
143121 77041 18
143121 77042 18
143121 77043 18
143121 77044 18
143121 77045 18
143121 77046 18
143121 77047 18
143121 77048 18
143121 77049 18
143121 77050 18
143121 77051 18
143121 77052 18
143121 77053 18
143121 77054 18
143121 77055 18
143121 77056 18
143121 77057 18
143121 77058 18
143121 77059 18
143121 77060 18
143121 77061 18
143121 77062 18
143121 77063 18
143122 77021 18
143122 77022 18
143122 77023 18
143122 77024 18
143122 77025 18
143122 77026 18
143122 77027 18
143122 77028 18
143122 77029 18
143122 77030 18
143122 77031 18
143122 77032 18
143122 77033 18
143122 77034 18
143122 77035 18
143122 77036 18
143122 77037 18
143122 77038 18
143122 77039 18
143122 77040 18
143122 77041 18
143122 77042 18
143122 77043 18
143122 77044 18
143122 77045 18
143122 77046 18
143122 77047 18
143122 77048 18
143122 77049 18
143122 77050 18
143122 77051 18
143122 77052 18
143122 77053 18
143122 77054 18
143122 77055 18
143122 77056 18
143122 77057 18
143122 77058 18
143122 77059 18
143122 77060 18
143122 77061 18
143122 77062 18
143122 77063 18
143123 77021 18
143123 77022 18
143123 77023 18
143123 77024 18
143123 77025 18
143123 77026 18
143123 77027 18
143123 77028 18
143123 77029 18
143123 77030 18
143123 77031 18
143123 77032 18
143123 77033 18
143123 77034 18
143123 77035 18
143123 77036 18
143123 77037 18
143123 77038 18
143123 77039 18
143123 77040 18
143123 77041 18
143123 77042 18
143123 77043 18
143123 77044 18
143123 77045 18
143123 77046 18
143123 77047 18
143123 77048 18
143123 77049 18
143123 77050 18
143123 77051 18
143123 77052 18
143123 77053 18
143123 77054 18
143123 77055 18
143123 77056 18
143123 77057 18
143123 77058 18
143123 77059 18
143123 77060 18
143123 77061 18
143123 77062 18
143123 77063 18
