1 0 1
2 1 2
4 2 3
8 4 4
17 9 5
34 19 6
68 39 7
137 79 8
274 159 9
548 318 10
1096 637 11
2192 1274 12
2192 1275 12
4384 2548 13
4384 2549 13
4384 2550 13
4385 2548 13
4385 2549 13
4385 2550 13
8769 5096 14
8769 5097 14
8769 5098 14
8769 5099 14
8769 5100 14
8769 5101 14
8770 5096 14
8770 5097 14
8770 5098 14
8770 5099 14
8770 5100 14
8770 5101 14
8771 5096 14
8771 5097 14
8771 5098 14
8771 5099 14
8771 5100 14
8771 5101 14
17538 10192 15
17538 10193 15
17538 10194 15
17538 10195 15
17538 10196 15
17538 10197 15
17538 10198 15
17538 10199 15
17538 10200 15
17538 10201 15
17538 10202 15
17538 10203 15
17539 10192 15
17539 10193 15
17539 10194 15
17539 10195 15
17539 10196 15
17539 10197 15
17539 10198 15
17539 10199 15
17539 10200 15
17539 10201 15
17539 10202 15
17539 10203 15
17540 10192 15
17540 10193 15
17540 10194 15
17540 10195 15
17540 10196 15
17540 10197 15
17540 10198 15
17540 10199 15
17540 10200 15
17540 10201 15
17540 10202 15
17540 10203 15
17541 10192 15
17541 10193 15
17541 10194 15
17541 10195 15
17541 10196 15
17541 10197 15
17541 10198 15
17541 10199 15
17541 10200 15
17541 10201 15
17541 10202 15
17541 10203 15
17542 10192 15
17542 10193 15
17542 10194 15
17542 10195 15
17542 10196 15
17542 10197 15
17542 10198 15
17542 10199 15
17542 10200 15
17542 10201 15
17542 10202 15
17542 10203 15
17543 10192 15
17543 10193 15
17543 10194 15
17543 10195 15
17543 10196 15
17543 10197 15
17543 10198 15
17543 10199 15
17543 10200 15
17543 10201 15
17543 10202 15
17543 10203 15
35076 20384 16
35076 20385 16
35076 20386 16
35076 20387 16
35076 20388 16
35076 20389 16
35076 20390 16
35076 20391 16
35076 20392 16
35076 20393 16
35076 20394 16
35076 20395 16
35076 20396 16
35076 20397 16
35076 20398 16
35076 20399 16
35076 20400 16
35076 20401 16
35076 20402 16
35076 20403 16
35076 20404 16
35076 20405 16
35076 20406 16
35076 20407 16
35077 20384 16
35077 20385 16
35077 20386 16
35077 20387 16
35077 20388 16
35077 20389 16
35077 20390 16
35077 20391 16
35077 20392 16
35077 20393 16
35077 20394 16
35077 20395 16
35077 20396 16
35077 20397 16
35077 20398 16
35077 20399 16
35077 20400 16
35077 20401 16
35077 20402 16
35077 20403 16
35077 20404 16
35077 20405 16
35077 20406 16
35077 20407 16
35078 20384 16
35078 20385 16
35078 20386 16
35078 20387 16
35078 20388 16
35078 20389 16
35078 20390 16
35078 20391 16
35078 20392 16
35078 20393 16
35078 20394 16
35078 20395 16
35078 20396 16
35078 20397 16
35078 20398 16
35078 20399 16
35078 20400 16
35078 20401 16
35078 20402 16
35078 20403 16
35078 20404 16
35078 20405 16
35078 20406 16
35078 20407 16
35079 20384 16
35079 20385 16
35079 20386 16
35079 20387 16
35079 20388 16
35079 20389 16
35079 20390 16
35079 20391 16
35079 20392 16
35079 20393 16
35079 20394 16
35079 20395 16
35079 20396 16
35079 20397 16
35079 20398 16
35079 20399 16
35079 20400 16
35079 20401 16
35079 20402 16
35079 20403 16
35079 20404 16
35079 20405 16
35079 20406 16
35079 20407 16
35080 20384 16
35080 20385 16
35080 20386 16
35080 20387 16
35080 20388 16
35080 20389 16
35080 20390 16
35080 20391 16
35080 20392 16
35080 20393 16
35080 20394 16
35080 20395 16
35080 20396 16
35080 20397 16
35080 20398 16
35080 20399 16
35080 20400 16
35080 20401 16
35080 20402 16
35080 20403 16
35080 20404 16
35080 20405 16
35080 20406 16
35080 20407 16
35081 20384 16
35081 20385 16
35081 20386 16
35081 20387 16
35081 20388 16
35081 20389 16
35081 20390 16
35081 20391 16
35081 20392 16
35081 20393 16
35081 20394 16
35081 20395 16
35081 20396 16
35081 20397 16
35081 20398 16
35081 20399 16
35081 20400 16
35081 20401 16
35081 20402 16
35081 20403 16
35081 20404 16
35081 20405 16
35081 20406 16
35081 20407 16
35082 20384 16
35082 20385 16
35082 20386 16
35082 20387 16
35082 20388 16
35082 20389 16
35082 20390 16
35082 20391 16
35082 20392 16
35082 20393 16
35082 20394 16
35082 20395 16
35082 20396 16
35082 20397 16
35082 20398 16
35082 20399 16
35082 20400 16
35082 20401 16
35082 20402 16
35082 20403 16
35082 20404 16
35082 20405 16
35082 20406 16
35082 20407 16
35083 20384 16
35083 20385 16
35083 20386 16
35083 20387 16
35083 20388 16
35083 20389 16
35083 20390 16
35083 20391 16
35083 20392 16
35083 20393 16
35083 20394 16
35083 20395 16
35083 20396 16
35083 20397 16
35083 20398 16
35083 20399 16
35083 20400 16
35083 20401 16
35083 20402 16
35083 20403 16
35083 20404 16
35083 20405 16
35083 20406 16
35083 20407 16
35084 20384 16
35084 20385 16
35084 20386 16
35084 20387 16
35084 20388 16
35084 20389 16
35084 20390 16
35084 20391 16
35084 20392 16
35084 20393 16
35084 20394 16
35084 20395 16
35084 20396 16
35084 20397 16
35084 20398 16
35084 20399 16
35084 20400 16
35084 20401 16
35084 20402 16
35084 20403 16
35084 20404 16
35084 20405 16
35084 20406 16
35084 20407 16
35085 20384 16
35085 20385 16
35085 20386 16
35085 20387 16
35085 20388 16
35085 20389 16
35085 20390 16
35085 20391 16
35085 20392 16
35085 20393 16
35085 20394 16
35085 20395 16
35085 20396 16
35085 20397 16
35085 20398 16
35085 20399 16
35085 20400 16
35085 20401 16
35085 20402 16
35085 20403 16
35085 20404 16
35085 20405 16
35085 20406 16
35085 20407 16
35086 20384 16
35086 20385 16
35086 20386 16
35086 20387 16
35086 20388 16
35086 20389 16
35086 20390 16
35086 20391 16
35086 20392 16
35086 20393 16
35086 20394 16
35086 20395 16
35086 20396 16
35086 20397 16
35086 20398 16
35086 20399 16
35086 20400 16
35086 20401 16
35086 20402 16
35086 20403 16
35086 20404 16
35086 20405 16
35086 20406 16
35086 20407 16
35087 20384 16
35087 20385 16
35087 20386 16
35087 20387 16
35087 20388 16
35087 20389 16
35087 20390 16
35087 20391 16
35087 20392 16
35087 20393 16
35087 20394 16
35087 20395 16
35087 20396 16
35087 20397 16
35087 20398 16
35087 20399 16
35087 20400 16
35087 20401 16
35087 20402 16
35087 20403 16
35087 20404 16
35087 20405 16
35087 20406 16
35087 20407 16
70152 40769 17
70152 40770 17
70152 40771 17
70152 40772 17
70152 40773 17
70152 40774 17
70152 40775 17
70152 40776 17
70152 40777 17
70152 40778 17
70152 40779 17
70152 40780 17
70152 40781 17
70152 40782 17
70152 40783 17
70152 40784 17
70152 40785 17
70152 40786 17
70152 40787 17
70152 40788 17
70152 40789 17
70152 40790 17
70152 40791 17
70152 40792 17
70152 40793 17
70152 40794 17
70152 40795 17
70152 40796 17
70152 40797 17
70152 40798 17
70152 40799 17
70152 40800 17
70152 40801 17
70152 40802 17
70152 40803 17
70152 40804 17
70152 40805 17
70152 40806 17
70152 40807 17
70152 40808 17
70152 40809 17
70152 40810 17
70152 40811 17
70152 40812 17
70152 40813 17
70152 40814 17
70153 40769 17
70153 40770 17
70153 40771 17
70153 40772 17
70153 40773 17
70153 40774 17
70153 40775 17
70153 40776 17
70153 40777 17
70153 40778 17
70153 40779 17
70153 40780 17
70153 40781 17
70153 40782 17
70153 40783 17
70153 40784 17
70153 40785 17
70153 40786 17
70153 40787 17
70153 40788 17
70153 40789 17
70153 40790 17
70153 40791 17
70153 40792 17
70153 40793 17
70153 40794 17
70153 40795 17
70153 40796 17
70153 40797 17
70153 40798 17
70153 40799 17
70153 40800 17
70153 40801 17
70153 40802 17
70153 40803 17
70153 40804 17
70153 40805 17
70153 40806 17
70153 40807 17
70153 40808 17
70153 40809 17
70153 40810 17
70153 40811 17
70153 40812 17
70153 40813 17
70153 40814 17
70154 40769 17
70154 40770 17
70154 40771 17
70154 40772 17
70154 40773 17
70154 40774 17
70154 40775 17
70154 40776 17
70154 40777 17
70154 40778 17
70154 40779 17
70154 40780 17
70154 40781 17
70154 40782 17
70154 40783 17
70154 40784 17
70154 40785 17
70154 40786 17
70154 40787 17
70154 40788 17
70154 40789 17
70154 40790 17
70154 40791 17
70154 40792 17
70154 40793 17
70154 40794 17
70154 40795 17
70154 40796 17
70154 40797 17
70154 40798 17
70154 40799 17
70154 40800 17
70154 40801 17
70154 40802 17
70154 40803 17
70154 40804 17
70154 40805 17
70154 40806 17
70154 40807 17
70154 40808 17
70154 40809 17
70154 40810 17
70154 40811 17
70154 40812 17
70154 40813 17
70154 40814 17
70155 40769 17
70155 40770 17
70155 40771 17
70155 40772 17
70155 40773 17
70155 40774 17
70155 40775 17
70155 40776 17
70155 40777 17
70155 40778 17
70155 40779 17
70155 40780 17
70155 40781 17
70155 40782 17
70155 40783 17
70155 40784 17
70155 40785 17
70155 40786 17
70155 40787 17
70155 40788 17
70155 40789 17
70155 40790 17
70155 40791 17
70155 40792 17
70155 40793 17
70155 40794 17
70155 40795 17
70155 40796 17
70155 40797 17
70155 40798 17
70155 40799 17
70155 40800 17
70155 40801 17
70155 40802 17
70155 40803 17
70155 40804 17
70155 40805 17
70155 40806 17
70155 40807 17
70155 40808 17
70155 40809 17
70155 40810 17
70155 40811 17
70155 40812 17
70155 40813 17
70155 40814 17
70156 40769 17
70156 40770 17
70156 40771 17
70156 40772 17
70156 40773 17
70156 40774 17
70156 40775 17
70156 40776 17
70156 40777 17
70156 40778 17
70156 40779 17
70156 40780 17
70156 40781 17
70156 40782 17
70156 40783 17
70156 40784 17
70156 40785 17
70156 40786 17
70156 40787 17
70156 40788 17
70156 40789 17
70156 40790 17
70156 40791 17
70156 40792 17
70156 40793 17
70156 40794 17
70156 40795 17
70156 40796 17
70156 40797 17
70156 40798 17
70156 40799 17
70156 40800 17
70156 40801 17
70156 40802 17
70156 40803 17
70156 40804 17
70156 40805 17
70156 40806 17
70156 40807 17
70156 40808 17
70156 40809 17
70156 40810 17
70156 40811 17
70156 40812 17
70156 40813 17
70156 40814 17
70157 40769 17
70157 40770 17
70157 40771 17
70157 40772 17
70157 40773 17
70157 40774 17
70157 40775 17
70157 40776 17
70157 40777 17
70157 40778 17
70157 40779 17
70157 40780 17
70157 40781 17
70157 40782 17
70157 40783 17
70157 40784 17
70157 40785 17
70157 40786 17
70157 40787 17
70157 40788 17
70157 40789 17
70157 40790 17
70157 40791 17
70157 40792 17
70157 40793 17
70157 40794 17
70157 40795 17
70157 40796 17
70157 40797 17
70157 40798 17
70157 40799 17
70157 40800 17
70157 40801 17
70157 40802 17
70157 40803 17
70157 40804 17
70157 40805 17
70157 40806 17
70157 40807 17
70157 40808 17
70157 40809 17
70157 40810 17
70157 40811 17
70157 40812 17
70157 40813 17
70157 40814 17
70158 40769 17
70158 40770 17
70158 40771 17
70158 40772 17
70158 40773 17
70158 40774 17
70158 40775 17
70158 40776 17
70158 40777 17
70158 40778 17
70158 40779 17
70158 40780 17
70158 40781 17
70158 40782 17
70158 40783 17
70158 40784 17
70158 40785 17
70158 40786 17
70158 40787 17
70158 40788 17
70158 40789 17
70158 40790 17
70158 40791 17
70158 40792 17
70158 40793 17
70158 40794 17
70158 40795 17
70158 40796 17
70158 40797 17
70158 40798 17
70158 40799 17
70158 40800 17
70158 40801 17
70158 40802 17
70158 40803 17
70158 40804 17
70158 40805 17
70158 40806 17
70158 40807 17
70158 40808 17
70158 40809 17
70158 40810 17
70158 40811 17
70158 40812 17
70158 40813 17
70158 40814 17
70159 40769 17
70159 40770 17
70159 40771 17
70159 40772 17
70159 40773 17
70159 40774 17
70159 40775 17
70159 40776 17
70159 40777 17
70159 40778 17
70159 40779 17
70159 40780 17
70159 40781 17
70159 40782 17
70159 40783 17
70159 40784 17
70159 40785 17
70159 40786 17
70159 40787 17
70159 40788 17
70159 40789 17
70159 40790 17
70159 40791 17
70159 40792 17
70159 40793 17
70159 40794 17
70159 40795 17
70159 40796 17
70159 40797 17
70159 40798 17
70159 40799 17
70159 40800 17
70159 40801 17
70159 40802 17
70159 40803 17
70159 40804 17
70159 40805 17
70159 40806 17
70159 40807 17
70159 40808 17
70159 40809 17
70159 40810 17
70159 40811 17
70159 40812 17
70159 40813 17
70159 40814 17
70160 40769 17
70160 40770 17
70160 40771 17
70160 40772 17
70160 40773 17
70160 40774 17
70160 40775 17
70160 40776 17
70160 40777 17
70160 40778 17
70160 40779 17
70160 40780 17
70160 40781 17
70160 40782 17
70160 40783 17
70160 40784 17
70160 40785 17
70160 40786 17
70160 40787 17
70160 40788 17
70160 40789 17
70160 40790 17
70160 40791 17
70160 40792 17
70160 40793 17
70160 40794 17
70160 40795 17
70160 40796 17
70160 40797 17
70160 40798 17
70160 40799 17
70160 40800 17
70160 40801 17
70160 40802 17
70160 40803 17
70160 40804 17
70160 40805 17
70160 40806 17
70160 40807 17
70160 40808 17
70160 40809 17
70160 40810 17
70160 40811 17
70160 40812 17
70160 40813 17
70160 40814 17
70161 40769 17
70161 40770 17
70161 40771 17
70161 40772 17
70161 40773 17
70161 40774 17
70161 40775 17
70161 40776 17
70161 40777 17
70161 40778 17
70161 40779 17
70161 40780 17
70161 40781 17
70161 40782 17
70161 40783 17
70161 40784 17
70161 40785 17
70161 40786 17
70161 40787 17
70161 40788 17
70161 40789 17
70161 40790 17
70161 40791 17
70161 40792 17
70161 40793 17
70161 40794 17
70161 40795 17
70161 40796 17
70161 40797 17
70161 40798 17
70161 40799 17
70161 40800 17
70161 40801 17
70161 40802 17
70161 40803 17
70161 40804 17
70161 40805 17
70161 40806 17
70161 40807 17
70161 40808 17
70161 40809 17
70161 40810 17
70161 40811 17
70161 40812 17
70161 40813 17
70161 40814 17
70162 40769 17
70162 40770 17
70162 40771 17
70162 40772 17
70162 40773 17
70162 40774 17
70162 40775 17
70162 40776 17
70162 40777 17
70162 40778 17
70162 40779 17
70162 40780 17
70162 40781 17
70162 40782 17
70162 40783 17
70162 40784 17
70162 40785 17
70162 40786 17
70162 40787 17
70162 40788 17
70162 40789 17
70162 40790 17
70162 40791 17
70162 40792 17
70162 40793 17
70162 40794 17
70162 40795 17
70162 40796 17
70162 40797 17
70162 40798 17
70162 40799 17
70162 40800 17
70162 40801 17
70162 40802 17
70162 40803 17
70162 40804 17
70162 40805 17
70162 40806 17
70162 40807 17
70162 40808 17
70162 40809 17
70162 40810 17
70162 40811 17
70162 40812 17
70162 40813 17
70162 40814 17
70163 40769 17
70163 40770 17
70163 40771 17
70163 40772 17
70163 40773 17
70163 40774 17
70163 40775 17
70163 40776 17
70163 40777 17
70163 40778 17
70163 40779 17
70163 40780 17
70163 40781 17
70163 40782 17
70163 40783 17
70163 40784 17
70163 40785 17
70163 40786 17
70163 40787 17
70163 40788 17
70163 40789 17
70163 40790 17
70163 40791 17
70163 40792 17
70163 40793 17
70163 40794 17
70163 40795 17
70163 40796 17
70163 40797 17
70163 40798 17
70163 40799 17
70163 40800 17
70163 40801 17
70163 40802 17
70163 40803 17
70163 40804 17
70163 40805 17
70163 40806 17
70163 40807 17
70163 40808 17
70163 40809 17
70163 40810 17
70163 40811 17
70163 40812 17
70163 40813 17
70163 40814 17
70164 40769 17
70164 40770 17
70164 40771 17
70164 40772 17
70164 40773 17
70164 40774 17
70164 40775 17
70164 40776 17
70164 40777 17
70164 40778 17
70164 40779 17
70164 40780 17
70164 40781 17
70164 40782 17
70164 40783 17
70164 40784 17
70164 40785 17
70164 40786 17
70164 40787 17
70164 40788 17
70164 40789 17
70164 40790 17
70164 40791 17
70164 40792 17
70164 40793 17
70164 40794 17
70164 40795 17
70164 40796 17
70164 40797 17
70164 40798 17
70164 40799 17
70164 40800 17
70164 40801 17
70164 40802 17
70164 40803 17
70164 40804 17
70164 40805 17
70164 40806 17
70164 40807 17
70164 40808 17
70164 40809 17
70164 40810 17
70164 40811 17
70164 40812 17
70164 40813 17
70164 40814 17
70165 40769 17
70165 40770 17
70165 40771 17
70165 40772 17
70165 40773 17
70165 40774 17
70165 40775 17
70165 40776 17
70165 40777 17
70165 40778 17
70165 40779 17
70165 40780 17
70165 40781 17
70165 40782 17
70165 40783 17
70165 40784 17
70165 40785 17
70165 40786 17
70165 40787 17
70165 40788 17
70165 40789 17
70165 40790 17
70165 40791 17
70165 40792 17
70165 40793 17
70165 40794 17
70165 40795 17
70165 40796 17
70165 40797 17
70165 40798 17
70165 40799 17
70165 40800 17
70165 40801 17
70165 40802 17
70165 40803 17
70165 40804 17
70165 40805 17
70165 40806 17
70165 40807 17
70165 40808 17
70165 40809 17
70165 40810 17
70165 40811 17
70165 40812 17
70165 40813 17
70165 40814 17
70166 40769 17
70166 40770 17
70166 40771 17
70166 40772 17
70166 40773 17
70166 40774 17
70166 40775 17
70166 40776 17
70166 40777 17
70166 40778 17
70166 40779 17
70166 40780 17
70166 40781 17
70166 40782 17
70166 40783 17
70166 40784 17
70166 40785 17
70166 40786 17
70166 40787 17
70166 40788 17
70166 40789 17
70166 40790 17
70166 40791 17
70166 40792 17
70166 40793 17
70166 40794 17
70166 40795 17
70166 40796 17
70166 40797 17
70166 40798 17
70166 40799 17
70166 40800 17
70166 40801 17
70166 40802 17
70166 40803 17
70166 40804 17
70166 40805 17
70166 40806 17
70166 40807 17
70166 40808 17
70166 40809 17
70166 40810 17
70166 40811 17
70166 40812 17
70166 40813 17
70166 40814 17
70167 40769 17
70167 40770 17
70167 40771 17
70167 40772 17
70167 40773 17
70167 40774 17
70167 40775 17
70167 40776 17
70167 40777 17
70167 40778 17
70167 40779 17
70167 40780 17
70167 40781 17
70167 40782 17
70167 40783 17
70167 40784 17
70167 40785 17
70167 40786 17
70167 40787 17
70167 40788 17
70167 40789 17
70167 40790 17
70167 40791 17
70167 40792 17
70167 40793 17
70167 40794 17
70167 40795 17
70167 40796 17
70167 40797 17
70167 40798 17
70167 40799 17
70167 40800 17
70167 40801 17
70167 40802 17
70167 40803 17
70167 40804 17
70167 40805 17
70167 40806 17
70167 40807 17
70167 40808 17
70167 40809 17
70167 40810 17
70167 40811 17
70167 40812 17
70167 40813 17
70167 40814 17
70168 40769 17
70168 40770 17
70168 40771 17
70168 40772 17
70168 40773 17
70168 40774 17
70168 40775 17
70168 40776 17
70168 40777 17
70168 40778 17
70168 40779 17
70168 40780 17
70168 40781 17
70168 40782 17
70168 40783 17
70168 40784 17
70168 40785 17
70168 40786 17
70168 40787 17
70168 40788 17
70168 40789 17
70168 40790 17
70168 40791 17
70168 40792 17
70168 40793 17
70168 40794 17
70168 40795 17
70168 40796 17
70168 40797 17
70168 40798 17
70168 40799 17
70168 40800 17
70168 40801 17
70168 40802 17
70168 40803 17
70168 40804 17
70168 40805 17
70168 40806 17
70168 40807 17
70168 40808 17
70168 40809 17
70168 40810 17
70168 40811 17
70168 40812 17
70168 40813 17
70168 40814 17
70169 40769 17
70169 40770 17
70169 40771 17
70169 40772 17
70169 40773 17
70169 40774 17
70169 40775 17
70169 40776 17
70169 40777 17
70169 40778 17
70169 40779 17
70169 40780 17
70169 40781 17
70169 40782 17
70169 40783 17
70169 40784 17
70169 40785 17
70169 40786 17
70169 40787 17
70169 40788 17
70169 40789 17
70169 40790 17
70169 40791 17
70169 40792 17
70169 40793 17
70169 40794 17
70169 40795 17
70169 40796 17
70169 40797 17
70169 40798 17
70169 40799 17
70169 40800 17
70169 40801 17
70169 40802 17
70169 40803 17
70169 40804 17
70169 40805 17
70169 40806 17
70169 40807 17
70169 40808 17
70169 40809 17
70169 40810 17
70169 40811 17
70169 40812 17
70169 40813 17
70169 40814 17
70170 40769 17
70170 40770 17
70170 40771 17
70170 40772 17
70170 40773 17
70170 40774 17
70170 40775 17
70170 40776 17
70170 40777 17
70170 40778 17
70170 40779 17
70170 40780 17
70170 40781 17
70170 40782 17
70170 40783 17
70170 40784 17
70170 40785 17
70170 40786 17
70170 40787 17
70170 40788 17
70170 40789 17
70170 40790 17
70170 40791 17
70170 40792 17
70170 40793 17
70170 40794 17
70170 40795 17
70170 40796 17
70170 40797 17
70170 40798 17
70170 40799 17
70170 40800 17
70170 40801 17
70170 40802 17
70170 40803 17
70170 40804 17
70170 40805 17
70170 40806 17
70170 40807 17
70170 40808 17
70170 40809 17
70170 40810 17
70170 40811 17
70170 40812 17
70170 40813 17
70170 40814 17
70171 40769 17
70171 40770 17
70171 40771 17
70171 40772 17
70171 40773 17
70171 40774 17
70171 40775 17
70171 40776 17
70171 40777 17
70171 40778 17
70171 40779 17
70171 40780 17
70171 40781 17
70171 40782 17
70171 40783 17
70171 40784 17
70171 40785 17
70171 40786 17
70171 40787 17
70171 40788 17
70171 40789 17
70171 40790 17
70171 40791 17
70171 40792 17
70171 40793 17
70171 40794 17
70171 40795 17
70171 40796 17
70171 40797 17
70171 40798 17
70171 40799 17
70171 40800 17
70171 40801 17
70171 40802 17
70171 40803 17
70171 40804 17
70171 40805 17
70171 40806 17
70171 40807 17
70171 40808 17
70171 40809 17
70171 40810 17
70171 40811 17
70171 40812 17
70171 40813 17
70171 40814 17
70172 40769 17
70172 40770 17
70172 40771 17
70172 40772 17
70172 40773 17
70172 40774 17
70172 40775 17
70172 40776 17
70172 40777 17
70172 40778 17
70172 40779 17
70172 40780 17
70172 40781 17
70172 40782 17
70172 40783 17
70172 40784 17
70172 40785 17
70172 40786 17
70172 40787 17
70172 40788 17
70172 40789 17
70172 40790 17
70172 40791 17
70172 40792 17
70172 40793 17
70172 40794 17
70172 40795 17
70172 40796 17
70172 40797 17
70172 40798 17
70172 40799 17
70172 40800 17
70172 40801 17
70172 40802 17
70172 40803 17
70172 40804 17
70172 40805 17
70172 40806 17
70172 40807 17
70172 40808 17
70172 40809 17
70172 40810 17
70172 40811 17
70172 40812 17
70172 40813 17
70172 40814 17
70173 40769 17
70173 40770 17
70173 40771 17
70173 40772 17
70173 40773 17
70173 40774 17
70173 40775 17
70173 40776 17
70173 40777 17
70173 40778 17
70173 40779 17
70173 40780 17
70173 40781 17
70173 40782 17
70173 40783 17
70173 40784 17
70173 40785 17
70173 40786 17
70173 40787 17
70173 40788 17
70173 40789 17
70173 40790 17
70173 40791 17
70173 40792 17
70173 40793 17
70173 40794 17
70173 40795 17
70173 40796 17
70173 40797 17
70173 40798 17
70173 40799 17
70173 40800 17
70173 40801 17
70173 40802 17
70173 40803 17
70173 40804 17
70173 40805 17
70173 40806 17
70173 40807 17
70173 40808 17
70173 40809 17
70173 40810 17
70173 40811 17
70173 40812 17
70173 40813 17
70173 40814 17
70174 40769 17
70174 40770 17
70174 40771 17
70174 40772 17
70174 40773 17
70174 40774 17
70174 40775 17
70174 40776 17
70174 40777 17
70174 40778 17
70174 40779 17
70174 40780 17
70174 40781 17
70174 40782 17
70174 40783 17
70174 40784 17
70174 40785 17
70174 40786 17
70174 40787 17
70174 40788 17
70174 40789 17
70174 40790 17
70174 40791 17
70174 40792 17
70174 40793 17
70174 40794 17
70174 40795 17
70174 40796 17
70174 40797 17
70174 40798 17
70174 40799 17
70174 40800 17
70174 40801 17
70174 40802 17
70174 40803 17
70174 40804 17
70174 40805 17
70174 40806 17
70174 40807 17
70174 40808 17
70174 40809 17
70174 40810 17
70174 40811 17
70174 40812 17
70174 40813 17
70174 40814 17
140305 81538 18
140305 81539 18
140305 81540 18
140305 81541 18
140305 81542 18
140305 81543 18
140305 81544 18
140305 81545 18
140305 81546 18
140305 81547 18
140305 81548 18
140305 81549 18
140305 81550 18
140305 81551 18
140305 81552 18
140305 81553 18
140305 81554 18
140305 81555 18
140305 81556 18
140305 81557 18
140305 81558 18
140305 81559 18
140305 81560 18
140305 81561 18
140305 81562 18
140305 81563 18
140305 81564 18
140305 81565 18
140305 81566 18
140305 81567 18
140305 81568 18
140305 81569 18
140305 81570 18
140305 81571 18
140305 81572 18
140305 81573 18
140305 81574 18
140305 81575 18
140305 81576 18
140305 81577 18
140305 81578 18
140305 81579 18
140305 81580 18
140305 81581 18
140305 81582 18
140305 81583 18
140305 81584 18
140305 81585 18
140305 81586 18
140305 81587 18
140305 81588 18
140305 81589 18
140305 81590 18
140305 81591 18
140305 81592 18
140305 81593 18
140305 81594 18
140305 81595 18
140305 81596 18
140305 81597 18
140305 81598 18
140305 81599 18
140305 81600 18
140305 81601 18
140305 81602 18
140305 81603 18
140305 81604 18
140305 81605 18
140305 81606 18
140305 81607 18
140305 81608 18
140305 81609 18
140305 81610 18
140305 81611 18
140305 81612 18
140305 81613 18
140305 81614 18
140305 81615 18
140305 81616 18
140305 81617 18
140305 81618 18
140305 81619 18
140305 81620 18
140305 81621 18
140305 81622 18
140305 81623 18
140305 81624 18
140305 81625 18
140305 81626 18
140305 81627 18
140305 81628 18
140305 81629 18
140306 81538 18
140306 81539 18
140306 81540 18
140306 81541 18
140306 81542 18
140306 81543 18
140306 81544 18
140306 81545 18
140306 81546 18
140306 81547 18
140306 81548 18
140306 81549 18
140306 81550 18
140306 81551 18
140306 81552 18
140306 81553 18
140306 81554 18
140306 81555 18
140306 81556 18
140306 81557 18
140306 81558 18
140306 81559 18
140306 81560 18
140306 81561 18
140306 81562 18
140306 81563 18
140306 81564 18
140306 81565 18
140306 81566 18
140306 81567 18
140306 81568 18
140306 81569 18
140306 81570 18
140306 81571 18
140306 81572 18
140306 81573 18
140306 81574 18
140306 81575 18
140306 81576 18
140306 81577 18
140306 81578 18
140306 81579 18
140306 81580 18
140306 81581 18
140306 81582 18
140306 81583 18
140306 81584 18
140306 81585 18
140306 81586 18
140306 81587 18
140306 81588 18
140306 81589 18
140306 81590 18
140306 81591 18
140306 81592 18
140306 81593 18
140306 81594 18
140306 81595 18
140306 81596 18
140306 81597 18
140306 81598 18
140306 81599 18
140306 81600 18
140306 81601 18
140306 81602 18
140306 81603 18
140306 81604 18
140306 81605 18
140306 81606 18
140306 81607 18
140306 81608 18
140306 81609 18
140306 81610 18
140306 81611 18
140306 81612 18
140306 81613 18
140306 81614 18
140306 81615 18
140306 81616 18
140306 81617 18
140306 81618 18
140306 81619 18
140306 81620 18
140306 81621 18
140306 81622 18
140306 81623 18
140306 81624 18
140306 81625 18
140306 81626 18
140306 81627 18
140306 81628 18
140306 81629 18
140307 81538 18
140307 81539 18
140307 81540 18
140307 81541 18
140307 81542 18
140307 81543 18
140307 81544 18
140307 81545 18
140307 81546 18
140307 81547 18
140307 81548 18
140307 81549 18
140307 81550 18
140307 81551 18
140307 81552 18
140307 81553 18
140307 81554 18
140307 81555 18
140307 81556 18
140307 81557 18
140307 81558 18
140307 81559 18
140307 81560 18
140307 81561 18
140307 81562 18
140307 81563 18
140307 81564 18
140307 81565 18
140307 81566 18
140307 81567 18
140307 81568 18
140307 81569 18
140307 81570 18
140307 81571 18
140307 81572 18
140307 81573 18
140307 81574 18
140307 81575 18
140307 81576 18
140307 81577 18
140307 81578 18
140307 81579 18
140307 81580 18
140307 81581 18
140307 81582 18
140307 81583 18
140307 81584 18
140307 81585 18
140307 81586 18
140307 81587 18
140307 81588 18
140307 81589 18
140307 81590 18
140307 81591 18
140307 81592 18
140307 81593 18
140307 81594 18
140307 81595 18
140307 81596 18
140307 81597 18
140307 81598 18
140307 81599 18
140307 81600 18
140307 81601 18
140307 81602 18
140307 81603 18
140307 81604 18
140307 81605 18
140307 81606 18
140307 81607 18
140307 81608 18
140307 81609 18
140307 81610 18
140307 81611 18
140307 81612 18
140307 81613 18
140307 81614 18
140307 81615 18
140307 81616 18
140307 81617 18
140307 81618 18
140307 81619 18
140307 81620 18
140307 81621 18
140307 81622 18
140307 81623 18
140307 81624 18
140307 81625 18
140307 81626 18
140307 81627 18
140307 81628 18
140307 81629 18
140308 81538 18
140308 81539 18
140308 81540 18
140308 81541 18
140308 81542 18
140308 81543 18
140308 81544 18
140308 81545 18
140308 81546 18
140308 81547 18
140308 81548 18
140308 81549 18
140308 81550 18
140308 81551 18
140308 81552 18
140308 81553 18
140308 81554 18
140308 81555 18
140308 81556 18
140308 81557 18
140308 81558 18
140308 81559 18
140308 81560 18
140308 81561 18
140308 81562 18
140308 81563 18
140308 81564 18
140308 81565 18
140308 81566 18
140308 81567 18
140308 81568 18
140308 81569 18
140308 81570 18
140308 81571 18
140308 81572 18
140308 81573 18
140308 81574 18
140308 81575 18
140308 81576 18
140308 81577 18
140308 81578 18
140308 81579 18
140308 81580 18
140308 81581 18
140308 81582 18
140308 81583 18
140308 81584 18
140308 81585 18
140308 81586 18
140308 81587 18
140308 81588 18
140308 81589 18
140308 81590 18
140308 81591 18
140308 81592 18
140308 81593 18
140308 81594 18
140308 81595 18
140308 81596 18
140308 81597 18
140308 81598 18
140308 81599 18
140308 81600 18
140308 81601 18
140308 81602 18
140308 81603 18
140308 81604 18
140308 81605 18
140308 81606 18
140308 81607 18
140308 81608 18
140308 81609 18
140308 81610 18
140308 81611 18
140308 81612 18
140308 81613 18
140308 81614 18
140308 81615 18
140308 81616 18
140308 81617 18
140308 81618 18
140308 81619 18
140308 81620 18
140308 81621 18
140308 81622 18
140308 81623 18
140308 81624 18
140308 81625 18
140308 81626 18
140308 81627 18
140308 81628 18
140308 81629 18
140309 81538 18
140309 81539 18
140309 81540 18
140309 81541 18
140309 81542 18
140309 81543 18
140309 81544 18
140309 81545 18
140309 81546 18
140309 81547 18
140309 81548 18
140309 81549 18
140309 81550 18
140309 81551 18
140309 81552 18
140309 81553 18
140309 81554 18
140309 81555 18
140309 81556 18
140309 81557 18
140309 81558 18
140309 81559 18
140309 81560 18
140309 81561 18
140309 81562 18
140309 81563 18
140309 81564 18
140309 81565 18
140309 81566 18
140309 81567 18
140309 81568 18
140309 81569 18
140309 81570 18
140309 81571 18
140309 81572 18
140309 81573 18
140309 81574 18
140309 81575 18
140309 81576 18
140309 81577 18
140309 81578 18
140309 81579 18
140309 81580 18
140309 81581 18
140309 81582 18
140309 81583 18
140309 81584 18
140309 81585 18
140309 81586 18
140309 81587 18
140309 81588 18
140309 81589 18
140309 81590 18
140309 81591 18
140309 81592 18
140309 81593 18
140309 81594 18
140309 81595 18
140309 81596 18
140309 81597 18
140309 81598 18
140309 81599 18
140309 81600 18
140309 81601 18
140309 81602 18
140309 81603 18
140309 81604 18
140309 81605 18
140309 81606 18
140309 81607 18
140309 81608 18
140309 81609 18
140309 81610 18
140309 81611 18
140309 81612 18
140309 81613 18
140309 81614 18
140309 81615 18
140309 81616 18
140309 81617 18
140309 81618 18
140309 81619 18
140309 81620 18
140309 81621 18
140309 81622 18
140309 81623 18
140309 81624 18
140309 81625 18
140309 81626 18
140309 81627 18
140309 81628 18
140309 81629 18
140310 81538 18
140310 81539 18
140310 81540 18
140310 81541 18
140310 81542 18
140310 81543 18
140310 81544 18
140310 81545 18
140310 81546 18
140310 81547 18
140310 81548 18
140310 81549 18
140310 81550 18
140310 81551 18
140310 81552 18
140310 81553 18
140310 81554 18
140310 81555 18
140310 81556 18
140310 81557 18
140310 81558 18
140310 81559 18
140310 81560 18
140310 81561 18
140310 81562 18
140310 81563 18
140310 81564 18
140310 81565 18
140310 81566 18
140310 81567 18
140310 81568 18
140310 81569 18
140310 81570 18
140310 81571 18
140310 81572 18
140310 81573 18
140310 81574 18
140310 81575 18
140310 81576 18
140310 81577 18
140310 81578 18
140310 81579 18
140310 81580 18
140310 81581 18
140310 81582 18
140310 81583 18
140310 81584 18
140310 81585 18
140310 81586 18
140310 81587 18
140310 81588 18
140310 81589 18
140310 81590 18
140310 81591 18
140310 81592 18
140310 81593 18
140310 81594 18
140310 81595 18
140310 81596 18
140310 81597 18
140310 81598 18
140310 81599 18
140310 81600 18
140310 81601 18
140310 81602 18
140310 81603 18
140310 81604 18
140310 81605 18
140310 81606 18
140310 81607 18
140310 81608 18
140310 81609 18
140310 81610 18
140310 81611 18
140310 81612 18
140310 81613 18
140310 81614 18
140310 81615 18
140310 81616 18
140310 81617 18
140310 81618 18
140310 81619 18
140310 81620 18
140310 81621 18
140310 81622 18
140310 81623 18
140310 81624 18
140310 81625 18
140310 81626 18
140310 81627 18
140310 81628 18
140310 81629 18
140311 81538 18
140311 81539 18
140311 81540 18
140311 81541 18
140311 81542 18
140311 81543 18
140311 81544 18
140311 81545 18
140311 81546 18
140311 81547 18
140311 81548 18
140311 81549 18
140311 81550 18
140311 81551 18
140311 81552 18
140311 81553 18
140311 81554 18
140311 81555 18
140311 81556 18
140311 81557 18
140311 81558 18
140311 81559 18
140311 81560 18
140311 81561 18
140311 81562 18
140311 81563 18
140311 81564 18
140311 81565 18
140311 81566 18
140311 81567 18
140311 81568 18
140311 81569 18
140311 81570 18
140311 81571 18
140311 81572 18
140311 81573 18
140311 81574 18
140311 81575 18
140311 81576 18
140311 81577 18
140311 81578 18
140311 81579 18
140311 81580 18
140311 81581 18
140311 81582 18
140311 81583 18
140311 81584 18
140311 81585 18
140311 81586 18
140311 81587 18
140311 81588 18
140311 81589 18
140311 81590 18
140311 81591 18
140311 81592 18
140311 81593 18
140311 81594 18
140311 81595 18
140311 81596 18
140311 81597 18
140311 81598 18
140311 81599 18
140311 81600 18
140311 81601 18
140311 81602 18
140311 81603 18
140311 81604 18
140311 81605 18
140311 81606 18
140311 81607 18
140311 81608 18
140311 81609 18
140311 81610 18
140311 81611 18
140311 81612 18
140311 81613 18
140311 81614 18
140311 81615 18
140311 81616 18
140311 81617 18
140311 81618 18
140311 81619 18
140311 81620 18
140311 81621 18
140311 81622 18
140311 81623 18
140311 81624 18
140311 81625 18
140311 81626 18
140311 81627 18
140311 81628 18
140311 81629 18
140312 81538 18
140312 81539 18
140312 81540 18
140312 81541 18
140312 81542 18
140312 81543 18
140312 81544 18
140312 81545 18
140312 81546 18
140312 81547 18
140312 81548 18
140312 81549 18
140312 81550 18
140312 81551 18
140312 81552 18
140312 81553 18
140312 81554 18
140312 81555 18
140312 81556 18
140312 81557 18
140312 81558 18
140312 81559 18
140312 81560 18
140312 81561 18
140312 81562 18
140312 81563 18
140312 81564 18
140312 81565 18
140312 81566 18
140312 81567 18
140312 81568 18
140312 81569 18
140312 81570 18
140312 81571 18
140312 81572 18
140312 81573 18
140312 81574 18
140312 81575 18
140312 81576 18
140312 81577 18
140312 81578 18
140312 81579 18
140312 81580 18
140312 81581 18
140312 81582 18
140312 81583 18
140312 81584 18
140312 81585 18
140312 81586 18
140312 81587 18
140312 81588 18
140312 81589 18
140312 81590 18
140312 81591 18
140312 81592 18
140312 81593 18
140312 81594 18
140312 81595 18
140312 81596 18
140312 81597 18
140312 81598 18
140312 81599 18
140312 81600 18
140312 81601 18
140312 81602 18
140312 81603 18
140312 81604 18
140312 81605 18
140312 81606 18
140312 81607 18
140312 81608 18
140312 81609 18
140312 81610 18
140312 81611 18
140312 81612 18
140312 81613 18
140312 81614 18
140312 81615 18
140312 81616 18
140312 81617 18
140312 81618 18
140312 81619 18
140312 81620 18
140312 81621 18
140312 81622 18
140312 81623 18
140312 81624 18
140312 81625 18
140312 81626 18
140312 81627 18
140312 81628 18
140312 81629 18
140313 81538 18
140313 81539 18
140313 81540 18
140313 81541 18
140313 81542 18
140313 81543 18
140313 81544 18
140313 81545 18
140313 81546 18
140313 81547 18
140313 81548 18
140313 81549 18
140313 81550 18
140313 81551 18
140313 81552 18
140313 81553 18
140313 81554 18
140313 81555 18
140313 81556 18
140313 81557 18
140313 81558 18
140313 81559 18
140313 81560 18
140313 81561 18
140313 81562 18
140313 81563 18
140313 81564 18
140313 81565 18
140313 81566 18
140313 81567 18
140313 81568 18
140313 81569 18
140313 81570 18
140313 81571 18
140313 81572 18
140313 81573 18
140313 81574 18
140313 81575 18
140313 81576 18
140313 81577 18
140313 81578 18
140313 81579 18
140313 81580 18
140313 81581 18
140313 81582 18
140313 81583 18
140313 81584 18
140313 81585 18
140313 81586 18
140313 81587 18
140313 81588 18
140313 81589 18
140313 81590 18
140313 81591 18
140313 81592 18
140313 81593 18
140313 81594 18
140313 81595 18
140313 81596 18
140313 81597 18
140313 81598 18
140313 81599 18
140313 81600 18
140313 81601 18
140313 81602 18
140313 81603 18
140313 81604 18
140313 81605 18
140313 81606 18
140313 81607 18
140313 81608 18
140313 81609 18
140313 81610 18
140313 81611 18
140313 81612 18
140313 81613 18
140313 81614 18
140313 81615 18
140313 81616 18
140313 81617 18
140313 81618 18
140313 81619 18
140313 81620 18
140313 81621 18
140313 81622 18
140313 81623 18
140313 81624 18
140313 81625 18
140313 81626 18
140313 81627 18
140313 81628 18
140313 81629 18
140314 81538 18
140314 81539 18
140314 81540 18
140314 81541 18
140314 81542 18
140314 81543 18
140314 81544 18
140314 81545 18
140314 81546 18
140314 81547 18
140314 81548 18
140314 81549 18
140314 81550 18
140314 81551 18
140314 81552 18
140314 81553 18
140314 81554 18
140314 81555 18
140314 81556 18
140314 81557 18
140314 81558 18
140314 81559 18
140314 81560 18
140314 81561 18
140314 81562 18
140314 81563 18
140314 81564 18
140314 81565 18
140314 81566 18
140314 81567 18
140314 81568 18
140314 81569 18
140314 81570 18
140314 81571 18
140314 81572 18
140314 81573 18
140314 81574 18
140314 81575 18
140314 81576 18
140314 81577 18
140314 81578 18
140314 81579 18
140314 81580 18
140314 81581 18
140314 81582 18
140314 81583 18
140314 81584 18
140314 81585 18
140314 81586 18
140314 81587 18
140314 81588 18
140314 81589 18
140314 81590 18
140314 81591 18
140314 81592 18
140314 81593 18
140314 81594 18
140314 81595 18
140314 81596 18
140314 81597 18
140314 81598 18
140314 81599 18
140314 81600 18
140314 81601 18
140314 81602 18
140314 81603 18
140314 81604 18
140314 81605 18
140314 81606 18
140314 81607 18
140314 81608 18
140314 81609 18
140314 81610 18
140314 81611 18
140314 81612 18
140314 81613 18
140314 81614 18
140314 81615 18
140314 81616 18
140314 81617 18
140314 81618 18
140314 81619 18
140314 81620 18
140314 81621 18
140314 81622 18
140314 81623 18
140314 81624 18
140314 81625 18
140314 81626 18
140314 81627 18
140314 81628 18
140314 81629 18
140315 81538 18
140315 81539 18
140315 81540 18
140315 81541 18
140315 81542 18
140315 81543 18
140315 81544 18
140315 81545 18
140315 81546 18
140315 81547 18
140315 81548 18
140315 81549 18
140315 81550 18
140315 81551 18
140315 81552 18
140315 81553 18
140315 81554 18
140315 81555 18
140315 81556 18
140315 81557 18
140315 81558 18
140315 81559 18
140315 81560 18
140315 81561 18
140315 81562 18
140315 81563 18
140315 81564 18
140315 81565 18
140315 81566 18
140315 81567 18
140315 81568 18
140315 81569 18
140315 81570 18
140315 81571 18
140315 81572 18
140315 81573 18
140315 81574 18
140315 81575 18
140315 81576 18
140315 81577 18
140315 81578 18
140315 81579 18
140315 81580 18
140315 81581 18
140315 81582 18
140315 81583 18
140315 81584 18
140315 81585 18
140315 81586 18
140315 81587 18
140315 81588 18
140315 81589 18
140315 81590 18
140315 81591 18
140315 81592 18
140315 81593 18
140315 81594 18
140315 81595 18
140315 81596 18
140315 81597 18
140315 81598 18
140315 81599 18
140315 81600 18
140315 81601 18
140315 81602 18
140315 81603 18
140315 81604 18
140315 81605 18
140315 81606 18
140315 81607 18
140315 81608 18
140315 81609 18
140315 81610 18
140315 81611 18
140315 81612 18
140315 81613 18
140315 81614 18
140315 81615 18
140315 81616 18
140315 81617 18
140315 81618 18
140315 81619 18
140315 81620 18
140315 81621 18
140315 81622 18
140315 81623 18
140315 81624 18
140315 81625 18
140315 81626 18
140315 81627 18
140315 81628 18
140315 81629 18
140316 81538 18
140316 81539 18
140316 81540 18
140316 81541 18
140316 81542 18
140316 81543 18
140316 81544 18
140316 81545 18
140316 81546 18
140316 81547 18
140316 81548 18
140316 81549 18
140316 81550 18
140316 81551 18
140316 81552 18
140316 81553 18
140316 81554 18
140316 81555 18
140316 81556 18
140316 81557 18
140316 81558 18
140316 81559 18
140316 81560 18
140316 81561 18
140316 81562 18
140316 81563 18
140316 81564 18
140316 81565 18
140316 81566 18
140316 81567 18
140316 81568 18
140316 81569 18
140316 81570 18
140316 81571 18
140316 81572 18
140316 81573 18
140316 81574 18
140316 81575 18
140316 81576 18
140316 81577 18
140316 81578 18
140316 81579 18
140316 81580 18
140316 81581 18
140316 81582 18
140316 81583 18
140316 81584 18
140316 81585 18
140316 81586 18
140316 81587 18
140316 81588 18
140316 81589 18
140316 81590 18
140316 81591 18
140316 81592 18
140316 81593 18
140316 81594 18
140316 81595 18
140316 81596 18
140316 81597 18
140316 81598 18
140316 81599 18
140316 81600 18
140316 81601 18
140316 81602 18
140316 81603 18
140316 81604 18
140316 81605 18
140316 81606 18
140316 81607 18
140316 81608 18
140316 81609 18
140316 81610 18
140316 81611 18
140316 81612 18
140316 81613 18
140316 81614 18
140316 81615 18
140316 81616 18
140316 81617 18
140316 81618 18
140316 81619 18
140316 81620 18
140316 81621 18
140316 81622 18
140316 81623 18
140316 81624 18
140316 81625 18
140316 81626 18
140316 81627 18
140316 81628 18
140316 81629 18
140317 81538 18
140317 81539 18
140317 81540 18
140317 81541 18
140317 81542 18
140317 81543 18
140317 81544 18
140317 81545 18
140317 81546 18
140317 81547 18
140317 81548 18
140317 81549 18
140317 81550 18
140317 81551 18
140317 81552 18
140317 81553 18
140317 81554 18
140317 81555 18
140317 81556 18
140317 81557 18
140317 81558 18
140317 81559 18
140317 81560 18
140317 81561 18
140317 81562 18
140317 81563 18
140317 81564 18
140317 81565 18
140317 81566 18
140317 81567 18
140317 81568 18
140317 81569 18
140317 81570 18
140317 81571 18
140317 81572 18
140317 81573 18
140317 81574 18
140317 81575 18
140317 81576 18
140317 81577 18
140317 81578 18
140317 81579 18
140317 81580 18
140317 81581 18
140317 81582 18
140317 81583 18
140317 81584 18
140317 81585 18
140317 81586 18
140317 81587 18
140317 81588 18
140317 81589 18
140317 81590 18
140317 81591 18
140317 81592 18
140317 81593 18
140317 81594 18
140317 81595 18
140317 81596 18
140317 81597 18
140317 81598 18
140317 81599 18
140317 81600 18
140317 81601 18
140317 81602 18
140317 81603 18
140317 81604 18
140317 81605 18
140317 81606 18
140317 81607 18
140317 81608 18
140317 81609 18
140317 81610 18
140317 81611 18
140317 81612 18
140317 81613 18
140317 81614 18
140317 81615 18
140317 81616 18
140317 81617 18
140317 81618 18
140317 81619 18
140317 81620 18
140317 81621 18
140317 81622 18
140317 81623 18
140317 81624 18
140317 81625 18
140317 81626 18
140317 81627 18
140317 81628 18
140317 81629 18
140318 81538 18
140318 81539 18
140318 81540 18
140318 81541 18
140318 81542 18
140318 81543 18
140318 81544 18
140318 81545 18
140318 81546 18
140318 81547 18
140318 81548 18
140318 81549 18
140318 81550 18
140318 81551 18
140318 81552 18
140318 81553 18
140318 81554 18
140318 81555 18
140318 81556 18
140318 81557 18
140318 81558 18
140318 81559 18
140318 81560 18
140318 81561 18
140318 81562 18
140318 81563 18
140318 81564 18
140318 81565 18
140318 81566 18
140318 81567 18
140318 81568 18
140318 81569 18
140318 81570 18
140318 81571 18
140318 81572 18
140318 81573 18
140318 81574 18
140318 81575 18
140318 81576 18
140318 81577 18
140318 81578 18
140318 81579 18
140318 81580 18
140318 81581 18
140318 81582 18
140318 81583 18
140318 81584 18
140318 81585 18
140318 81586 18
140318 81587 18
140318 81588 18
140318 81589 18
140318 81590 18
140318 81591 18
140318 81592 18
140318 81593 18
140318 81594 18
140318 81595 18
140318 81596 18
140318 81597 18
140318 81598 18
140318 81599 18
140318 81600 18
140318 81601 18
140318 81602 18
140318 81603 18
140318 81604 18
140318 81605 18
140318 81606 18
140318 81607 18
140318 81608 18
140318 81609 18
140318 81610 18
140318 81611 18
140318 81612 18
140318 81613 18
140318 81614 18
140318 81615 18
140318 81616 18
140318 81617 18
140318 81618 18
140318 81619 18
140318 81620 18
140318 81621 18
140318 81622 18
140318 81623 18
140318 81624 18
140318 81625 18
140318 81626 18
140318 81627 18
140318 81628 18
140318 81629 18
140319 81538 18
140319 81539 18
140319 81540 18
140319 81541 18
140319 81542 18
140319 81543 18
140319 81544 18
140319 81545 18
140319 81546 18
140319 81547 18
140319 81548 18
140319 81549 18
140319 81550 18
140319 81551 18
140319 81552 18
140319 81553 18
140319 81554 18
140319 81555 18
140319 81556 18
140319 81557 18
140319 81558 18
140319 81559 18
140319 81560 18
140319 81561 18
140319 81562 18
140319 81563 18
140319 81564 18
140319 81565 18
140319 81566 18
140319 81567 18
140319 81568 18
140319 81569 18
140319 81570 18
140319 81571 18
140319 81572 18
140319 81573 18
140319 81574 18
140319 81575 18
140319 81576 18
140319 81577 18
140319 81578 18
140319 81579 18
140319 81580 18
140319 81581 18
140319 81582 18
140319 81583 18
140319 81584 18
140319 81585 18
140319 81586 18
140319 81587 18
140319 81588 18
140319 81589 18
140319 81590 18
140319 81591 18
140319 81592 18
140319 81593 18
140319 81594 18
140319 81595 18
140319 81596 18
140319 81597 18
140319 81598 18
140319 81599 18
140319 81600 18
140319 81601 18
140319 81602 18
140319 81603 18
140319 81604 18
140319 81605 18
140319 81606 18
140319 81607 18
140319 81608 18
140319 81609 18
140319 81610 18
140319 81611 18
140319 81612 18
140319 81613 18
140319 81614 18
140319 81615 18
140319 81616 18
140319 81617 18
140319 81618 18
140319 81619 18
140319 81620 18
140319 81621 18
140319 81622 18
140319 81623 18
140319 81624 18
140319 81625 18
140319 81626 18
140319 81627 18
140319 81628 18
140319 81629 18
140320 81538 18
140320 81539 18
140320 81540 18
140320 81541 18
140320 81542 18
140320 81543 18
140320 81544 18
140320 81545 18
140320 81546 18
140320 81547 18
140320 81548 18
140320 81549 18
140320 81550 18
140320 81551 18
140320 81552 18
140320 81553 18
140320 81554 18
140320 81555 18
140320 81556 18
140320 81557 18
140320 81558 18
140320 81559 18
140320 81560 18
140320 81561 18
140320 81562 18
140320 81563 18
140320 81564 18
140320 81565 18
140320 81566 18
140320 81567 18
140320 81568 18
140320 81569 18
140320 81570 18
140320 81571 18
140320 81572 18
140320 81573 18
140320 81574 18
140320 81575 18
140320 81576 18
140320 81577 18
140320 81578 18
140320 81579 18
140320 81580 18
140320 81581 18
140320 81582 18
140320 81583 18
140320 81584 18
140320 81585 18
140320 81586 18
140320 81587 18
140320 81588 18
140320 81589 18
140320 81590 18
140320 81591 18
140320 81592 18
140320 81593 18
140320 81594 18
140320 81595 18
140320 81596 18
140320 81597 18
140320 81598 18
140320 81599 18
140320 81600 18
140320 81601 18
140320 81602 18
140320 81603 18
140320 81604 18
140320 81605 18
140320 81606 18
140320 81607 18
140320 81608 18
140320 81609 18
140320 81610 18
140320 81611 18
140320 81612 18
140320 81613 18
140320 81614 18
140320 81615 18
140320 81616 18
140320 81617 18
140320 81618 18
140320 81619 18
140320 81620 18
140320 81621 18
140320 81622 18
140320 81623 18
140320 81624 18
140320 81625 18
140320 81626 18
140320 81627 18
140320 81628 18
140320 81629 18
140321 81538 18
140321 81539 18
140321 81540 18
140321 81541 18
140321 81542 18
140321 81543 18
140321 81544 18
140321 81545 18
140321 81546 18
140321 81547 18
140321 81548 18
140321 81549 18
140321 81550 18
140321 81551 18
140321 81552 18
140321 81553 18
140321 81554 18
140321 81555 18
140321 81556 18
140321 81557 18
140321 81558 18
140321 81559 18
140321 81560 18
140321 81561 18
140321 81562 18
140321 81563 18
140321 81564 18
140321 81565 18
140321 81566 18
140321 81567 18
140321 81568 18
140321 81569 18
140321 81570 18
140321 81571 18
140321 81572 18
140321 81573 18
140321 81574 18
140321 81575 18
140321 81576 18
140321 81577 18
140321 81578 18
140321 81579 18
140321 81580 18
140321 81581 18
140321 81582 18
140321 81583 18
140321 81584 18
140321 81585 18
140321 81586 18
140321 81587 18
140321 81588 18
140321 81589 18
140321 81590 18
140321 81591 18
140321 81592 18
140321 81593 18
140321 81594 18
140321 81595 18
140321 81596 18
140321 81597 18
140321 81598 18
140321 81599 18
140321 81600 18
140321 81601 18
140321 81602 18
140321 81603 18
140321 81604 18
140321 81605 18
140321 81606 18
140321 81607 18
140321 81608 18
140321 81609 18
140321 81610 18
140321 81611 18
140321 81612 18
140321 81613 18
140321 81614 18
140321 81615 18
140321 81616 18
140321 81617 18
140321 81618 18
140321 81619 18
140321 81620 18
140321 81621 18
140321 81622 18
140321 81623 18
140321 81624 18
140321 81625 18
140321 81626 18
140321 81627 18
140321 81628 18
140321 81629 18
140322 81538 18
140322 81539 18
140322 81540 18
140322 81541 18
140322 81542 18
140322 81543 18
140322 81544 18
140322 81545 18
140322 81546 18
140322 81547 18
140322 81548 18
140322 81549 18
140322 81550 18
140322 81551 18
140322 81552 18
140322 81553 18
140322 81554 18
140322 81555 18
140322 81556 18
140322 81557 18
140322 81558 18
140322 81559 18
140322 81560 18
140322 81561 18
140322 81562 18
140322 81563 18
140322 81564 18
140322 81565 18
140322 81566 18
140322 81567 18
140322 81568 18
140322 81569 18
140322 81570 18
140322 81571 18
140322 81572 18
140322 81573 18
140322 81574 18
140322 81575 18
140322 81576 18
140322 81577 18
140322 81578 18
140322 81579 18
140322 81580 18
140322 81581 18
140322 81582 18
140322 81583 18
140322 81584 18
140322 81585 18
140322 81586 18
140322 81587 18
140322 81588 18
140322 81589 18
140322 81590 18
140322 81591 18
140322 81592 18
140322 81593 18
140322 81594 18
140322 81595 18
140322 81596 18
140322 81597 18
140322 81598 18
140322 81599 18
140322 81600 18
140322 81601 18
140322 81602 18
140322 81603 18
140322 81604 18
140322 81605 18
140322 81606 18
140322 81607 18
140322 81608 18
140322 81609 18
140322 81610 18
140322 81611 18
140322 81612 18
140322 81613 18
140322 81614 18
140322 81615 18
140322 81616 18
140322 81617 18
140322 81618 18
140322 81619 18
140322 81620 18
140322 81621 18
140322 81622 18
140322 81623 18
140322 81624 18
140322 81625 18
140322 81626 18
140322 81627 18
140322 81628 18
140322 81629 18
140323 81538 18
140323 81539 18
140323 81540 18
140323 81541 18
140323 81542 18
140323 81543 18
140323 81544 18
140323 81545 18
140323 81546 18
140323 81547 18
140323 81548 18
140323 81549 18
140323 81550 18
140323 81551 18
140323 81552 18
140323 81553 18
140323 81554 18
140323 81555 18
140323 81556 18
140323 81557 18
140323 81558 18
140323 81559 18
140323 81560 18
140323 81561 18
140323 81562 18
140323 81563 18
140323 81564 18
140323 81565 18
140323 81566 18
140323 81567 18
140323 81568 18
140323 81569 18
140323 81570 18
140323 81571 18
140323 81572 18
140323 81573 18
140323 81574 18
140323 81575 18
140323 81576 18
140323 81577 18
140323 81578 18
140323 81579 18
140323 81580 18
140323 81581 18
140323 81582 18
140323 81583 18
140323 81584 18
140323 81585 18
140323 81586 18
140323 81587 18
140323 81588 18
140323 81589 18
140323 81590 18
140323 81591 18
140323 81592 18
140323 81593 18
140323 81594 18
140323 81595 18
140323 81596 18
140323 81597 18
140323 81598 18
140323 81599 18
140323 81600 18
140323 81601 18
140323 81602 18
140323 81603 18
140323 81604 18
140323 81605 18
140323 81606 18
140323 81607 18
140323 81608 18
140323 81609 18
140323 81610 18
140323 81611 18
140323 81612 18
140323 81613 18
140323 81614 18
140323 81615 18
140323 81616 18
140323 81617 18
140323 81618 18
140323 81619 18
140323 81620 18
140323 81621 18
140323 81622 18
140323 81623 18
140323 81624 18
140323 81625 18
140323 81626 18
140323 81627 18
140323 81628 18
140323 81629 18
140324 81538 18
140324 81539 18
140324 81540 18
140324 81541 18
140324 81542 18
140324 81543 18
140324 81544 18
140324 81545 18
140324 81546 18
140324 81547 18
140324 81548 18
140324 81549 18
140324 81550 18
140324 81551 18
140324 81552 18
140324 81553 18
140324 81554 18
140324 81555 18
140324 81556 18
140324 81557 18
140324 81558 18
140324 81559 18
140324 81560 18
140324 81561 18
140324 81562 18
140324 81563 18
140324 81564 18
140324 81565 18
140324 81566 18
140324 81567 18
140324 81568 18
140324 81569 18
140324 81570 18
140324 81571 18
140324 81572 18
140324 81573 18
140324 81574 18
140324 81575 18
140324 81576 18
140324 81577 18
140324 81578 18
140324 81579 18
140324 81580 18
140324 81581 18
140324 81582 18
140324 81583 18
140324 81584 18
140324 81585 18
140324 81586 18
140324 81587 18
140324 81588 18
140324 81589 18
140324 81590 18
140324 81591 18
140324 81592 18
140324 81593 18
140324 81594 18
140324 81595 18
140324 81596 18
140324 81597 18
140324 81598 18
140324 81599 18
140324 81600 18
140324 81601 18
140324 81602 18
140324 81603 18
140324 81604 18
140324 81605 18
140324 81606 18
140324 81607 18
140324 81608 18
140324 81609 18
140324 81610 18
140324 81611 18
140324 81612 18
140324 81613 18
140324 81614 18
140324 81615 18
140324 81616 18
140324 81617 18
140324 81618 18
140324 81619 18
140324 81620 18
140324 81621 18
140324 81622 18
140324 81623 18
140324 81624 18
140324 81625 18
140324 81626 18
140324 81627 18
140324 81628 18
140324 81629 18
140325 81538 18
140325 81539 18
140325 81540 18
140325 81541 18
140325 81542 18
140325 81543 18
140325 81544 18
140325 81545 18
140325 81546 18
140325 81547 18
140325 81548 18
140325 81549 18
140325 81550 18
140325 81551 18
140325 81552 18
140325 81553 18
140325 81554 18
140325 81555 18
140325 81556 18
140325 81557 18
140325 81558 18
140325 81559 18
140325 81560 18
140325 81561 18
140325 81562 18
140325 81563 18
140325 81564 18
140325 81565 18
140325 81566 18
140325 81567 18
140325 81568 18
140325 81569 18
140325 81570 18
140325 81571 18
140325 81572 18
140325 81573 18
140325 81574 18
140325 81575 18
140325 81576 18
140325 81577 18
140325 81578 18
140325 81579 18
140325 81580 18
140325 81581 18
140325 81582 18
140325 81583 18
140325 81584 18
140325 81585 18
140325 81586 18
140325 81587 18
140325 81588 18
140325 81589 18
140325 81590 18
140325 81591 18
140325 81592 18
140325 81593 18
140325 81594 18
140325 81595 18
140325 81596 18
140325 81597 18
140325 81598 18
140325 81599 18
140325 81600 18
140325 81601 18
140325 81602 18
140325 81603 18
140325 81604 18
140325 81605 18
140325 81606 18
140325 81607 18
140325 81608 18
140325 81609 18
140325 81610 18
140325 81611 18
140325 81612 18
140325 81613 18
140325 81614 18
140325 81615 18
140325 81616 18
140325 81617 18
140325 81618 18
140325 81619 18
140325 81620 18
140325 81621 18
140325 81622 18
140325 81623 18
140325 81624 18
140325 81625 18
140325 81626 18
140325 81627 18
140325 81628 18
140325 81629 18
140326 81538 18
140326 81539 18
140326 81540 18
140326 81541 18
140326 81542 18
140326 81543 18
140326 81544 18
140326 81545 18
140326 81546 18
140326 81547 18
140326 81548 18
140326 81549 18
140326 81550 18
140326 81551 18
140326 81552 18
140326 81553 18
140326 81554 18
140326 81555 18
140326 81556 18
140326 81557 18
140326 81558 18
140326 81559 18
140326 81560 18
140326 81561 18
140326 81562 18
140326 81563 18
140326 81564 18
140326 81565 18
140326 81566 18
140326 81567 18
140326 81568 18
140326 81569 18
140326 81570 18
140326 81571 18
140326 81572 18
140326 81573 18
140326 81574 18
140326 81575 18
140326 81576 18
140326 81577 18
140326 81578 18
140326 81579 18
140326 81580 18
140326 81581 18
140326 81582 18
140326 81583 18
140326 81584 18
140326 81585 18
140326 81586 18
140326 81587 18
140326 81588 18
140326 81589 18
140326 81590 18
140326 81591 18
140326 81592 18
140326 81593 18
140326 81594 18
140326 81595 18
140326 81596 18
140326 81597 18
140326 81598 18
140326 81599 18
140326 81600 18
140326 81601 18
140326 81602 18
140326 81603 18
140326 81604 18
140326 81605 18
140326 81606 18
140326 81607 18
140326 81608 18
140326 81609 18
140326 81610 18
140326 81611 18
140326 81612 18
140326 81613 18
140326 81614 18
140326 81615 18
140326 81616 18
140326 81617 18
140326 81618 18
140326 81619 18
140326 81620 18
140326 81621 18
140326 81622 18
140326 81623 18
140326 81624 18
140326 81625 18
140326 81626 18
140326 81627 18
140326 81628 18
140326 81629 18
140327 81538 18
140327 81539 18
140327 81540 18
140327 81541 18
140327 81542 18
140327 81543 18
140327 81544 18
140327 81545 18
140327 81546 18
140327 81547 18
140327 81548 18
140327 81549 18
140327 81550 18
140327 81551 18
140327 81552 18
140327 81553 18
140327 81554 18
140327 81555 18
140327 81556 18
140327 81557 18
140327 81558 18
140327 81559 18
140327 81560 18
140327 81561 18
140327 81562 18
140327 81563 18
140327 81564 18
140327 81565 18
140327 81566 18
140327 81567 18
140327 81568 18
140327 81569 18
140327 81570 18
140327 81571 18
140327 81572 18
140327 81573 18
140327 81574 18
140327 81575 18
140327 81576 18
140327 81577 18
140327 81578 18
140327 81579 18
140327 81580 18
140327 81581 18
140327 81582 18
140327 81583 18
140327 81584 18
140327 81585 18
140327 81586 18
140327 81587 18
140327 81588 18
140327 81589 18
140327 81590 18
140327 81591 18
140327 81592 18
140327 81593 18
140327 81594 18
140327 81595 18
140327 81596 18
140327 81597 18
140327 81598 18
140327 81599 18
140327 81600 18
140327 81601 18
140327 81602 18
140327 81603 18
140327 81604 18
140327 81605 18
140327 81606 18
140327 81607 18
140327 81608 18
140327 81609 18
140327 81610 18
140327 81611 18
140327 81612 18
140327 81613 18
140327 81614 18
140327 81615 18
140327 81616 18
140327 81617 18
140327 81618 18
140327 81619 18
140327 81620 18
140327 81621 18
140327 81622 18
140327 81623 18
140327 81624 18
140327 81625 18
140327 81626 18
140327 81627 18
140327 81628 18
140327 81629 18
140328 81538 18
140328 81539 18
140328 81540 18
140328 81541 18
140328 81542 18
140328 81543 18
140328 81544 18
140328 81545 18
140328 81546 18
140328 81547 18
140328 81548 18
140328 81549 18
140328 81550 18
140328 81551 18
140328 81552 18
140328 81553 18
140328 81554 18
140328 81555 18
140328 81556 18
140328 81557 18
140328 81558 18
140328 81559 18
140328 81560 18
140328 81561 18
140328 81562 18
140328 81563 18
140328 81564 18
140328 81565 18
140328 81566 18
140328 81567 18
140328 81568 18
140328 81569 18
140328 81570 18
140328 81571 18
140328 81572 18
140328 81573 18
140328 81574 18
140328 81575 18
140328 81576 18
140328 81577 18
140328 81578 18
140328 81579 18
140328 81580 18
140328 81581 18
140328 81582 18
140328 81583 18
140328 81584 18
140328 81585 18
140328 81586 18
140328 81587 18
140328 81588 18
140328 81589 18
140328 81590 18
140328 81591 18
140328 81592 18
140328 81593 18
140328 81594 18
140328 81595 18
140328 81596 18
140328 81597 18
140328 81598 18
140328 81599 18
140328 81600 18
140328 81601 18
140328 81602 18
140328 81603 18
140328 81604 18
140328 81605 18
140328 81606 18
140328 81607 18
140328 81608 18
140328 81609 18
140328 81610 18
140328 81611 18
140328 81612 18
140328 81613 18
140328 81614 18
140328 81615 18
140328 81616 18
140328 81617 18
140328 81618 18
140328 81619 18
140328 81620 18
140328 81621 18
140328 81622 18
140328 81623 18
140328 81624 18
140328 81625 18
140328 81626 18
140328 81627 18
140328 81628 18
140328 81629 18
140329 81538 18
140329 81539 18
140329 81540 18
140329 81541 18
140329 81542 18
140329 81543 18
140329 81544 18
140329 81545 18
140329 81546 18
140329 81547 18
140329 81548 18
140329 81549 18
140329 81550 18
140329 81551 18
140329 81552 18
140329 81553 18
140329 81554 18
140329 81555 18
140329 81556 18
140329 81557 18
140329 81558 18
140329 81559 18
140329 81560 18
140329 81561 18
140329 81562 18
140329 81563 18
140329 81564 18
140329 81565 18
140329 81566 18
140329 81567 18
140329 81568 18
140329 81569 18
140329 81570 18
140329 81571 18
140329 81572 18
140329 81573 18
140329 81574 18
140329 81575 18
140329 81576 18
140329 81577 18
140329 81578 18
140329 81579 18
140329 81580 18
140329 81581 18
140329 81582 18
140329 81583 18
140329 81584 18
140329 81585 18
140329 81586 18
140329 81587 18
140329 81588 18
140329 81589 18
140329 81590 18
140329 81591 18
140329 81592 18
140329 81593 18
140329 81594 18
140329 81595 18
140329 81596 18
140329 81597 18
140329 81598 18
140329 81599 18
140329 81600 18
140329 81601 18
140329 81602 18
140329 81603 18
140329 81604 18
140329 81605 18
140329 81606 18
140329 81607 18
140329 81608 18
140329 81609 18
140329 81610 18
140329 81611 18
140329 81612 18
140329 81613 18
140329 81614 18
140329 81615 18
140329 81616 18
140329 81617 18
140329 81618 18
140329 81619 18
140329 81620 18
140329 81621 18
140329 81622 18
140329 81623 18
140329 81624 18
140329 81625 18
140329 81626 18
140329 81627 18
140329 81628 18
140329 81629 18
140330 81538 18
140330 81539 18
140330 81540 18
140330 81541 18
140330 81542 18
140330 81543 18
140330 81544 18
140330 81545 18
140330 81546 18
140330 81547 18
140330 81548 18
140330 81549 18
140330 81550 18
140330 81551 18
140330 81552 18
140330 81553 18
140330 81554 18
140330 81555 18
140330 81556 18
140330 81557 18
140330 81558 18
140330 81559 18
140330 81560 18
140330 81561 18
140330 81562 18
140330 81563 18
140330 81564 18
140330 81565 18
140330 81566 18
140330 81567 18
140330 81568 18
140330 81569 18
140330 81570 18
140330 81571 18
140330 81572 18
140330 81573 18
140330 81574 18
140330 81575 18
140330 81576 18
140330 81577 18
140330 81578 18
140330 81579 18
140330 81580 18
140330 81581 18
140330 81582 18
140330 81583 18
140330 81584 18
140330 81585 18
140330 81586 18
140330 81587 18
140330 81588 18
140330 81589 18
140330 81590 18
140330 81591 18
140330 81592 18
140330 81593 18
140330 81594 18
140330 81595 18
140330 81596 18
140330 81597 18
140330 81598 18
140330 81599 18
140330 81600 18
140330 81601 18
140330 81602 18
140330 81603 18
140330 81604 18
140330 81605 18
140330 81606 18
140330 81607 18
140330 81608 18
140330 81609 18
140330 81610 18
140330 81611 18
140330 81612 18
140330 81613 18
140330 81614 18
140330 81615 18
140330 81616 18
140330 81617 18
140330 81618 18
140330 81619 18
140330 81620 18
140330 81621 18
140330 81622 18
140330 81623 18
140330 81624 18
140330 81625 18
140330 81626 18
140330 81627 18
140330 81628 18
140330 81629 18
140331 81538 18
140331 81539 18
140331 81540 18
140331 81541 18
140331 81542 18
140331 81543 18
140331 81544 18
140331 81545 18
140331 81546 18
140331 81547 18
140331 81548 18
140331 81549 18
140331 81550 18
140331 81551 18
140331 81552 18
140331 81553 18
140331 81554 18
140331 81555 18
140331 81556 18
140331 81557 18
140331 81558 18
140331 81559 18
140331 81560 18
140331 81561 18
140331 81562 18
140331 81563 18
140331 81564 18
140331 81565 18
140331 81566 18
140331 81567 18
140331 81568 18
140331 81569 18
140331 81570 18
140331 81571 18
140331 81572 18
140331 81573 18
140331 81574 18
140331 81575 18
140331 81576 18
140331 81577 18
140331 81578 18
140331 81579 18
140331 81580 18
140331 81581 18
140331 81582 18
140331 81583 18
140331 81584 18
140331 81585 18
140331 81586 18
140331 81587 18
140331 81588 18
140331 81589 18
140331 81590 18
140331 81591 18
140331 81592 18
140331 81593 18
140331 81594 18
140331 81595 18
140331 81596 18
140331 81597 18
140331 81598 18
140331 81599 18
140331 81600 18
140331 81601 18
140331 81602 18
140331 81603 18
140331 81604 18
140331 81605 18
140331 81606 18
140331 81607 18
140331 81608 18
140331 81609 18
140331 81610 18
140331 81611 18
140331 81612 18
140331 81613 18
140331 81614 18
140331 81615 18
140331 81616 18
140331 81617 18
140331 81618 18
140331 81619 18
140331 81620 18
140331 81621 18
140331 81622 18
140331 81623 18
140331 81624 18
140331 81625 18
140331 81626 18
140331 81627 18
140331 81628 18
140331 81629 18
140332 81538 18
140332 81539 18
140332 81540 18
140332 81541 18
140332 81542 18
140332 81543 18
140332 81544 18
140332 81545 18
140332 81546 18
140332 81547 18
140332 81548 18
140332 81549 18
140332 81550 18
140332 81551 18
140332 81552 18
140332 81553 18
140332 81554 18
140332 81555 18
140332 81556 18
140332 81557 18
140332 81558 18
140332 81559 18
140332 81560 18
140332 81561 18
140332 81562 18
140332 81563 18
140332 81564 18
140332 81565 18
140332 81566 18
140332 81567 18
140332 81568 18
140332 81569 18
140332 81570 18
140332 81571 18
140332 81572 18
140332 81573 18
140332 81574 18
140332 81575 18
140332 81576 18
140332 81577 18
140332 81578 18
140332 81579 18
140332 81580 18
140332 81581 18
140332 81582 18
140332 81583 18
140332 81584 18
140332 81585 18
140332 81586 18
140332 81587 18
140332 81588 18
140332 81589 18
140332 81590 18
140332 81591 18
140332 81592 18
140332 81593 18
140332 81594 18
140332 81595 18
140332 81596 18
140332 81597 18
140332 81598 18
140332 81599 18
140332 81600 18
140332 81601 18
140332 81602 18
140332 81603 18
140332 81604 18
140332 81605 18
140332 81606 18
140332 81607 18
140332 81608 18
140332 81609 18
140332 81610 18
140332 81611 18
140332 81612 18
140332 81613 18
140332 81614 18
140332 81615 18
140332 81616 18
140332 81617 18
140332 81618 18
140332 81619 18
140332 81620 18
140332 81621 18
140332 81622 18
140332 81623 18
140332 81624 18
140332 81625 18
140332 81626 18
140332 81627 18
140332 81628 18
140332 81629 18
140333 81538 18
140333 81539 18
140333 81540 18
140333 81541 18
140333 81542 18
140333 81543 18
140333 81544 18
140333 81545 18
140333 81546 18
140333 81547 18
140333 81548 18
140333 81549 18
140333 81550 18
140333 81551 18
140333 81552 18
140333 81553 18
140333 81554 18
140333 81555 18
140333 81556 18
140333 81557 18
140333 81558 18
140333 81559 18
140333 81560 18
140333 81561 18
140333 81562 18
140333 81563 18
140333 81564 18
140333 81565 18
140333 81566 18
140333 81567 18
140333 81568 18
140333 81569 18
140333 81570 18
140333 81571 18
140333 81572 18
140333 81573 18
140333 81574 18
140333 81575 18
140333 81576 18
140333 81577 18
140333 81578 18
140333 81579 18
140333 81580 18
140333 81581 18
140333 81582 18
140333 81583 18
140333 81584 18
140333 81585 18
140333 81586 18
140333 81587 18
140333 81588 18
140333 81589 18
140333 81590 18
140333 81591 18
140333 81592 18
140333 81593 18
140333 81594 18
140333 81595 18
140333 81596 18
140333 81597 18
140333 81598 18
140333 81599 18
140333 81600 18
140333 81601 18
140333 81602 18
140333 81603 18
140333 81604 18
140333 81605 18
140333 81606 18
140333 81607 18
140333 81608 18
140333 81609 18
140333 81610 18
140333 81611 18
140333 81612 18
140333 81613 18
140333 81614 18
140333 81615 18
140333 81616 18
140333 81617 18
140333 81618 18
140333 81619 18
140333 81620 18
140333 81621 18
140333 81622 18
140333 81623 18
140333 81624 18
140333 81625 18
140333 81626 18
140333 81627 18
140333 81628 18
140333 81629 18
140334 81538 18
140334 81539 18
140334 81540 18
140334 81541 18
140334 81542 18
140334 81543 18
140334 81544 18
140334 81545 18
140334 81546 18
140334 81547 18
140334 81548 18
140334 81549 18
140334 81550 18
140334 81551 18
140334 81552 18
140334 81553 18
140334 81554 18
140334 81555 18
140334 81556 18
140334 81557 18
140334 81558 18
140334 81559 18
140334 81560 18
140334 81561 18
140334 81562 18
140334 81563 18
140334 81564 18
140334 81565 18
140334 81566 18
140334 81567 18
140334 81568 18
140334 81569 18
140334 81570 18
140334 81571 18
140334 81572 18
140334 81573 18
140334 81574 18
140334 81575 18
140334 81576 18
140334 81577 18
140334 81578 18
140334 81579 18
140334 81580 18
140334 81581 18
140334 81582 18
140334 81583 18
140334 81584 18
140334 81585 18
140334 81586 18
140334 81587 18
140334 81588 18
140334 81589 18
140334 81590 18
140334 81591 18
140334 81592 18
140334 81593 18
140334 81594 18
140334 81595 18
140334 81596 18
140334 81597 18
140334 81598 18
140334 81599 18
140334 81600 18
140334 81601 18
140334 81602 18
140334 81603 18
140334 81604 18
140334 81605 18
140334 81606 18
140334 81607 18
140334 81608 18
140334 81609 18
140334 81610 18
140334 81611 18
140334 81612 18
140334 81613 18
140334 81614 18
140334 81615 18
140334 81616 18
140334 81617 18
140334 81618 18
140334 81619 18
140334 81620 18
140334 81621 18
140334 81622 18
140334 81623 18
140334 81624 18
140334 81625 18
140334 81626 18
140334 81627 18
140334 81628 18
140334 81629 18
140335 81538 18
140335 81539 18
140335 81540 18
140335 81541 18
140335 81542 18
140335 81543 18
140335 81544 18
140335 81545 18
140335 81546 18
140335 81547 18
140335 81548 18
140335 81549 18
140335 81550 18
140335 81551 18
140335 81552 18
140335 81553 18
140335 81554 18
140335 81555 18
140335 81556 18
140335 81557 18
140335 81558 18
140335 81559 18
140335 81560 18
140335 81561 18
140335 81562 18
140335 81563 18
140335 81564 18
140335 81565 18
140335 81566 18
140335 81567 18
140335 81568 18
140335 81569 18
140335 81570 18
140335 81571 18
140335 81572 18
140335 81573 18
140335 81574 18
140335 81575 18
140335 81576 18
140335 81577 18
140335 81578 18
140335 81579 18
140335 81580 18
140335 81581 18
140335 81582 18
140335 81583 18
140335 81584 18
140335 81585 18
140335 81586 18
140335 81587 18
140335 81588 18
140335 81589 18
140335 81590 18
140335 81591 18
140335 81592 18
140335 81593 18
140335 81594 18
140335 81595 18
140335 81596 18
140335 81597 18
140335 81598 18
140335 81599 18
140335 81600 18
140335 81601 18
140335 81602 18
140335 81603 18
140335 81604 18
140335 81605 18
140335 81606 18
140335 81607 18
140335 81608 18
140335 81609 18
140335 81610 18
140335 81611 18
140335 81612 18
140335 81613 18
140335 81614 18
140335 81615 18
140335 81616 18
140335 81617 18
140335 81618 18
140335 81619 18
140335 81620 18
140335 81621 18
140335 81622 18
140335 81623 18
140335 81624 18
140335 81625 18
140335 81626 18
140335 81627 18
140335 81628 18
140335 81629 18
140336 81538 18
140336 81539 18
140336 81540 18
140336 81541 18
140336 81542 18
140336 81543 18
140336 81544 18
140336 81545 18
140336 81546 18
140336 81547 18
140336 81548 18
140336 81549 18
140336 81550 18
140336 81551 18
140336 81552 18
140336 81553 18
140336 81554 18
140336 81555 18
140336 81556 18
140336 81557 18
140336 81558 18
140336 81559 18
140336 81560 18
140336 81561 18
140336 81562 18
140336 81563 18
140336 81564 18
140336 81565 18
140336 81566 18
140336 81567 18
140336 81568 18
140336 81569 18
140336 81570 18
140336 81571 18
140336 81572 18
140336 81573 18
140336 81574 18
140336 81575 18
140336 81576 18
140336 81577 18
140336 81578 18
140336 81579 18
140336 81580 18
140336 81581 18
140336 81582 18
140336 81583 18
140336 81584 18
140336 81585 18
140336 81586 18
140336 81587 18
140336 81588 18
140336 81589 18
140336 81590 18
140336 81591 18
140336 81592 18
140336 81593 18
140336 81594 18
140336 81595 18
140336 81596 18
140336 81597 18
140336 81598 18
140336 81599 18
140336 81600 18
140336 81601 18
140336 81602 18
140336 81603 18
140336 81604 18
140336 81605 18
140336 81606 18
140336 81607 18
140336 81608 18
140336 81609 18
140336 81610 18
140336 81611 18
140336 81612 18
140336 81613 18
140336 81614 18
140336 81615 18
140336 81616 18
140336 81617 18
140336 81618 18
140336 81619 18
140336 81620 18
140336 81621 18
140336 81622 18
140336 81623 18
140336 81624 18
140336 81625 18
140336 81626 18
140336 81627 18
140336 81628 18
140336 81629 18
140337 81538 18
140337 81539 18
140337 81540 18
140337 81541 18
140337 81542 18
140337 81543 18
140337 81544 18
140337 81545 18
140337 81546 18
140337 81547 18
140337 81548 18
140337 81549 18
140337 81550 18
140337 81551 18
140337 81552 18
140337 81553 18
140337 81554 18
140337 81555 18
140337 81556 18
140337 81557 18
140337 81558 18
140337 81559 18
140337 81560 18
140337 81561 18
140337 81562 18
140337 81563 18
140337 81564 18
140337 81565 18
140337 81566 18
140337 81567 18
140337 81568 18
140337 81569 18
140337 81570 18
140337 81571 18
140337 81572 18
140337 81573 18
140337 81574 18
140337 81575 18
140337 81576 18
140337 81577 18
140337 81578 18
140337 81579 18
140337 81580 18
140337 81581 18
140337 81582 18
140337 81583 18
140337 81584 18
140337 81585 18
140337 81586 18
140337 81587 18
140337 81588 18
140337 81589 18
140337 81590 18
140337 81591 18
140337 81592 18
140337 81593 18
140337 81594 18
140337 81595 18
140337 81596 18
140337 81597 18
140337 81598 18
140337 81599 18
140337 81600 18
140337 81601 18
140337 81602 18
140337 81603 18
140337 81604 18
140337 81605 18
140337 81606 18
140337 81607 18
140337 81608 18
140337 81609 18
140337 81610 18
140337 81611 18
140337 81612 18
140337 81613 18
140337 81614 18
140337 81615 18
140337 81616 18
140337 81617 18
140337 81618 18
140337 81619 18
140337 81620 18
140337 81621 18
140337 81622 18
140337 81623 18
140337 81624 18
140337 81625 18
140337 81626 18
140337 81627 18
140337 81628 18
140337 81629 18
140338 81538 18
140338 81539 18
140338 81540 18
140338 81541 18
140338 81542 18
140338 81543 18
140338 81544 18
140338 81545 18
140338 81546 18
140338 81547 18
140338 81548 18
140338 81549 18
140338 81550 18
140338 81551 18
140338 81552 18
140338 81553 18
140338 81554 18
140338 81555 18
140338 81556 18
140338 81557 18
140338 81558 18
140338 81559 18
140338 81560 18
140338 81561 18
140338 81562 18
140338 81563 18
140338 81564 18
140338 81565 18
140338 81566 18
140338 81567 18
140338 81568 18
140338 81569 18
140338 81570 18
140338 81571 18
140338 81572 18
140338 81573 18
140338 81574 18
140338 81575 18
140338 81576 18
140338 81577 18
140338 81578 18
140338 81579 18
140338 81580 18
140338 81581 18
140338 81582 18
140338 81583 18
140338 81584 18
140338 81585 18
140338 81586 18
140338 81587 18
140338 81588 18
140338 81589 18
140338 81590 18
140338 81591 18
140338 81592 18
140338 81593 18
140338 81594 18
140338 81595 18
140338 81596 18
140338 81597 18
140338 81598 18
140338 81599 18
140338 81600 18
140338 81601 18
140338 81602 18
140338 81603 18
140338 81604 18
140338 81605 18
140338 81606 18
140338 81607 18
140338 81608 18
140338 81609 18
140338 81610 18
140338 81611 18
140338 81612 18
140338 81613 18
140338 81614 18
140338 81615 18
140338 81616 18
140338 81617 18
140338 81618 18
140338 81619 18
140338 81620 18
140338 81621 18
140338 81622 18
140338 81623 18
140338 81624 18
140338 81625 18
140338 81626 18
140338 81627 18
140338 81628 18
140338 81629 18
140339 81538 18
140339 81539 18
140339 81540 18
140339 81541 18
140339 81542 18
140339 81543 18
140339 81544 18
140339 81545 18
140339 81546 18
140339 81547 18
140339 81548 18
140339 81549 18
140339 81550 18
140339 81551 18
140339 81552 18
140339 81553 18
140339 81554 18
140339 81555 18
140339 81556 18
140339 81557 18
140339 81558 18
140339 81559 18
140339 81560 18
140339 81561 18
140339 81562 18
140339 81563 18
140339 81564 18
140339 81565 18
140339 81566 18
140339 81567 18
140339 81568 18
140339 81569 18
140339 81570 18
140339 81571 18
140339 81572 18
140339 81573 18
140339 81574 18
140339 81575 18
140339 81576 18
140339 81577 18
140339 81578 18
140339 81579 18
140339 81580 18
140339 81581 18
140339 81582 18
140339 81583 18
140339 81584 18
140339 81585 18
140339 81586 18
140339 81587 18
140339 81588 18
140339 81589 18
140339 81590 18
140339 81591 18
140339 81592 18
140339 81593 18
140339 81594 18
140339 81595 18
140339 81596 18
140339 81597 18
140339 81598 18
140339 81599 18
140339 81600 18
140339 81601 18
140339 81602 18
140339 81603 18
140339 81604 18
140339 81605 18
140339 81606 18
140339 81607 18
140339 81608 18
140339 81609 18
140339 81610 18
140339 81611 18
140339 81612 18
140339 81613 18
140339 81614 18
140339 81615 18
140339 81616 18
140339 81617 18
140339 81618 18
140339 81619 18
140339 81620 18
140339 81621 18
140339 81622 18
140339 81623 18
140339 81624 18
140339 81625 18
140339 81626 18
140339 81627 18
140339 81628 18
140339 81629 18
140340 81538 18
140340 81539 18
140340 81540 18
140340 81541 18
140340 81542 18
140340 81543 18
140340 81544 18
140340 81545 18
140340 81546 18
140340 81547 18
140340 81548 18
140340 81549 18
140340 81550 18
140340 81551 18
140340 81552 18
140340 81553 18
140340 81554 18
140340 81555 18
140340 81556 18
140340 81557 18
140340 81558 18
140340 81559 18
140340 81560 18
140340 81561 18
140340 81562 18
140340 81563 18
140340 81564 18
140340 81565 18
140340 81566 18
140340 81567 18
140340 81568 18
140340 81569 18
140340 81570 18
140340 81571 18
140340 81572 18
140340 81573 18
140340 81574 18
140340 81575 18
140340 81576 18
140340 81577 18
140340 81578 18
140340 81579 18
140340 81580 18
140340 81581 18
140340 81582 18
140340 81583 18
140340 81584 18
140340 81585 18
140340 81586 18
140340 81587 18
140340 81588 18
140340 81589 18
140340 81590 18
140340 81591 18
140340 81592 18
140340 81593 18
140340 81594 18
140340 81595 18
140340 81596 18
140340 81597 18
140340 81598 18
140340 81599 18
140340 81600 18
140340 81601 18
140340 81602 18
140340 81603 18
140340 81604 18
140340 81605 18
140340 81606 18
140340 81607 18
140340 81608 18
140340 81609 18
140340 81610 18
140340 81611 18
140340 81612 18
140340 81613 18
140340 81614 18
140340 81615 18
140340 81616 18
140340 81617 18
140340 81618 18
140340 81619 18
140340 81620 18
140340 81621 18
140340 81622 18
140340 81623 18
140340 81624 18
140340 81625 18
140340 81626 18
140340 81627 18
140340 81628 18
140340 81629 18
140341 81538 18
140341 81539 18
140341 81540 18
140341 81541 18
140341 81542 18
140341 81543 18
140341 81544 18
140341 81545 18
140341 81546 18
140341 81547 18
140341 81548 18
140341 81549 18
140341 81550 18
140341 81551 18
140341 81552 18
140341 81553 18
140341 81554 18
140341 81555 18
140341 81556 18
140341 81557 18
140341 81558 18
140341 81559 18
140341 81560 18
140341 81561 18
140341 81562 18
140341 81563 18
140341 81564 18
140341 81565 18
140341 81566 18
140341 81567 18
140341 81568 18
140341 81569 18
140341 81570 18
140341 81571 18
140341 81572 18
140341 81573 18
140341 81574 18
140341 81575 18
140341 81576 18
140341 81577 18
140341 81578 18
140341 81579 18
140341 81580 18
140341 81581 18
140341 81582 18
140341 81583 18
140341 81584 18
140341 81585 18
140341 81586 18
140341 81587 18
140341 81588 18
140341 81589 18
140341 81590 18
140341 81591 18
140341 81592 18
140341 81593 18
140341 81594 18
140341 81595 18
140341 81596 18
140341 81597 18
140341 81598 18
140341 81599 18
140341 81600 18
140341 81601 18
140341 81602 18
140341 81603 18
140341 81604 18
140341 81605 18
140341 81606 18
140341 81607 18
140341 81608 18
140341 81609 18
140341 81610 18
140341 81611 18
140341 81612 18
140341 81613 18
140341 81614 18
140341 81615 18
140341 81616 18
140341 81617 18
140341 81618 18
140341 81619 18
140341 81620 18
140341 81621 18
140341 81622 18
140341 81623 18
140341 81624 18
140341 81625 18
140341 81626 18
140341 81627 18
140341 81628 18
140341 81629 18
140342 81538 18
140342 81539 18
140342 81540 18
140342 81541 18
140342 81542 18
140342 81543 18
140342 81544 18
140342 81545 18
140342 81546 18
140342 81547 18
140342 81548 18
140342 81549 18
140342 81550 18
140342 81551 18
140342 81552 18
140342 81553 18
140342 81554 18
140342 81555 18
140342 81556 18
140342 81557 18
140342 81558 18
140342 81559 18
140342 81560 18
140342 81561 18
140342 81562 18
140342 81563 18
140342 81564 18
140342 81565 18
140342 81566 18
140342 81567 18
140342 81568 18
140342 81569 18
140342 81570 18
140342 81571 18
140342 81572 18
140342 81573 18
140342 81574 18
140342 81575 18
140342 81576 18
140342 81577 18
140342 81578 18
140342 81579 18
140342 81580 18
140342 81581 18
140342 81582 18
140342 81583 18
140342 81584 18
140342 81585 18
140342 81586 18
140342 81587 18
140342 81588 18
140342 81589 18
140342 81590 18
140342 81591 18
140342 81592 18
140342 81593 18
140342 81594 18
140342 81595 18
140342 81596 18
140342 81597 18
140342 81598 18
140342 81599 18
140342 81600 18
140342 81601 18
140342 81602 18
140342 81603 18
140342 81604 18
140342 81605 18
140342 81606 18
140342 81607 18
140342 81608 18
140342 81609 18
140342 81610 18
140342 81611 18
140342 81612 18
140342 81613 18
140342 81614 18
140342 81615 18
140342 81616 18
140342 81617 18
140342 81618 18
140342 81619 18
140342 81620 18
140342 81621 18
140342 81622 18
140342 81623 18
140342 81624 18
140342 81625 18
140342 81626 18
140342 81627 18
140342 81628 18
140342 81629 18
140343 81538 18
140343 81539 18
140343 81540 18
140343 81541 18
140343 81542 18
140343 81543 18
140343 81544 18
140343 81545 18
140343 81546 18
140343 81547 18
140343 81548 18
140343 81549 18
140343 81550 18
140343 81551 18
140343 81552 18
140343 81553 18
140343 81554 18
140343 81555 18
140343 81556 18
140343 81557 18
140343 81558 18
140343 81559 18
140343 81560 18
140343 81561 18
140343 81562 18
140343 81563 18
140343 81564 18
140343 81565 18
140343 81566 18
140343 81567 18
140343 81568 18
140343 81569 18
140343 81570 18
140343 81571 18
140343 81572 18
140343 81573 18
140343 81574 18
140343 81575 18
140343 81576 18
140343 81577 18
140343 81578 18
140343 81579 18
140343 81580 18
140343 81581 18
140343 81582 18
140343 81583 18
140343 81584 18
140343 81585 18
140343 81586 18
140343 81587 18
140343 81588 18
140343 81589 18
140343 81590 18
140343 81591 18
140343 81592 18
140343 81593 18
140343 81594 18
140343 81595 18
140343 81596 18
140343 81597 18
140343 81598 18
140343 81599 18
140343 81600 18
140343 81601 18
140343 81602 18
140343 81603 18
140343 81604 18
140343 81605 18
140343 81606 18
140343 81607 18
140343 81608 18
140343 81609 18
140343 81610 18
140343 81611 18
140343 81612 18
140343 81613 18
140343 81614 18
140343 81615 18
140343 81616 18
140343 81617 18
140343 81618 18
140343 81619 18
140343 81620 18
140343 81621 18
140343 81622 18
140343 81623 18
140343 81624 18
140343 81625 18
140343 81626 18
140343 81627 18
140343 81628 18
140343 81629 18
140344 81538 18
140344 81539 18
140344 81540 18
140344 81541 18
140344 81542 18
140344 81543 18
140344 81544 18
140344 81545 18
140344 81546 18
140344 81547 18
140344 81548 18
140344 81549 18
140344 81550 18
140344 81551 18
140344 81552 18
140344 81553 18
140344 81554 18
140344 81555 18
140344 81556 18
140344 81557 18
140344 81558 18
140344 81559 18
140344 81560 18
140344 81561 18
140344 81562 18
140344 81563 18
140344 81564 18
140344 81565 18
140344 81566 18
140344 81567 18
140344 81568 18
140344 81569 18
140344 81570 18
140344 81571 18
140344 81572 18
140344 81573 18
140344 81574 18
140344 81575 18
140344 81576 18
140344 81577 18
140344 81578 18
140344 81579 18
140344 81580 18
140344 81581 18
140344 81582 18
140344 81583 18
140344 81584 18
140344 81585 18
140344 81586 18
140344 81587 18
140344 81588 18
140344 81589 18
140344 81590 18
140344 81591 18
140344 81592 18
140344 81593 18
140344 81594 18
140344 81595 18
140344 81596 18
140344 81597 18
140344 81598 18
140344 81599 18
140344 81600 18
140344 81601 18
140344 81602 18
140344 81603 18
140344 81604 18
140344 81605 18
140344 81606 18
140344 81607 18
140344 81608 18
140344 81609 18
140344 81610 18
140344 81611 18
140344 81612 18
140344 81613 18
140344 81614 18
140344 81615 18
140344 81616 18
140344 81617 18
140344 81618 18
140344 81619 18
140344 81620 18
140344 81621 18
140344 81622 18
140344 81623 18
140344 81624 18
140344 81625 18
140344 81626 18
140344 81627 18
140344 81628 18
140344 81629 18
140345 81538 18
140345 81539 18
140345 81540 18
140345 81541 18
140345 81542 18
140345 81543 18
140345 81544 18
140345 81545 18
140345 81546 18
140345 81547 18
140345 81548 18
140345 81549 18
140345 81550 18
140345 81551 18
140345 81552 18
140345 81553 18
140345 81554 18
140345 81555 18
140345 81556 18
140345 81557 18
140345 81558 18
140345 81559 18
140345 81560 18
140345 81561 18
140345 81562 18
140345 81563 18
140345 81564 18
140345 81565 18
140345 81566 18
140345 81567 18
140345 81568 18
140345 81569 18
140345 81570 18
140345 81571 18
140345 81572 18
140345 81573 18
140345 81574 18
140345 81575 18
140345 81576 18
140345 81577 18
140345 81578 18
140345 81579 18
140345 81580 18
140345 81581 18
140345 81582 18
140345 81583 18
140345 81584 18
140345 81585 18
140345 81586 18
140345 81587 18
140345 81588 18
140345 81589 18
140345 81590 18
140345 81591 18
140345 81592 18
140345 81593 18
140345 81594 18
140345 81595 18
140345 81596 18
140345 81597 18
140345 81598 18
140345 81599 18
140345 81600 18
140345 81601 18
140345 81602 18
140345 81603 18
140345 81604 18
140345 81605 18
140345 81606 18
140345 81607 18
140345 81608 18
140345 81609 18
140345 81610 18
140345 81611 18
140345 81612 18
140345 81613 18
140345 81614 18
140345 81615 18
140345 81616 18
140345 81617 18
140345 81618 18
140345 81619 18
140345 81620 18
140345 81621 18
140345 81622 18
140345 81623 18
140345 81624 18
140345 81625 18
140345 81626 18
140345 81627 18
140345 81628 18
140345 81629 18
140346 81538 18
140346 81539 18
140346 81540 18
140346 81541 18
140346 81542 18
140346 81543 18
140346 81544 18
140346 81545 18
140346 81546 18
140346 81547 18
140346 81548 18
140346 81549 18
140346 81550 18
140346 81551 18
140346 81552 18
140346 81553 18
140346 81554 18
140346 81555 18
140346 81556 18
140346 81557 18
140346 81558 18
140346 81559 18
140346 81560 18
140346 81561 18
140346 81562 18
140346 81563 18
140346 81564 18
140346 81565 18
140346 81566 18
140346 81567 18
140346 81568 18
140346 81569 18
140346 81570 18
140346 81571 18
140346 81572 18
140346 81573 18
140346 81574 18
140346 81575 18
140346 81576 18
140346 81577 18
140346 81578 18
140346 81579 18
140346 81580 18
140346 81581 18
140346 81582 18
140346 81583 18
140346 81584 18
140346 81585 18
140346 81586 18
140346 81587 18
140346 81588 18
140346 81589 18
140346 81590 18
140346 81591 18
140346 81592 18
140346 81593 18
140346 81594 18
140346 81595 18
140346 81596 18
140346 81597 18
140346 81598 18
140346 81599 18
140346 81600 18
140346 81601 18
140346 81602 18
140346 81603 18
140346 81604 18
140346 81605 18
140346 81606 18
140346 81607 18
140346 81608 18
140346 81609 18
140346 81610 18
140346 81611 18
140346 81612 18
140346 81613 18
140346 81614 18
140346 81615 18
140346 81616 18
140346 81617 18
140346 81618 18
140346 81619 18
140346 81620 18
140346 81621 18
140346 81622 18
140346 81623 18
140346 81624 18
140346 81625 18
140346 81626 18
140346 81627 18
140346 81628 18
140346 81629 18
140347 81538 18
140347 81539 18
140347 81540 18
140347 81541 18
140347 81542 18
140347 81543 18
140347 81544 18
140347 81545 18
140347 81546 18
140347 81547 18
140347 81548 18
140347 81549 18
140347 81550 18
140347 81551 18
140347 81552 18
140347 81553 18
140347 81554 18
140347 81555 18
140347 81556 18
140347 81557 18
140347 81558 18
140347 81559 18
140347 81560 18
140347 81561 18
140347 81562 18
140347 81563 18
140347 81564 18
140347 81565 18
140347 81566 18
140347 81567 18
140347 81568 18
140347 81569 18
140347 81570 18
140347 81571 18
140347 81572 18
140347 81573 18
140347 81574 18
140347 81575 18
140347 81576 18
140347 81577 18
140347 81578 18
140347 81579 18
140347 81580 18
140347 81581 18
140347 81582 18
140347 81583 18
140347 81584 18
140347 81585 18
140347 81586 18
140347 81587 18
140347 81588 18
140347 81589 18
140347 81590 18
140347 81591 18
140347 81592 18
140347 81593 18
140347 81594 18
140347 81595 18
140347 81596 18
140347 81597 18
140347 81598 18
140347 81599 18
140347 81600 18
140347 81601 18
140347 81602 18
140347 81603 18
140347 81604 18
140347 81605 18
140347 81606 18
140347 81607 18
140347 81608 18
140347 81609 18
140347 81610 18
140347 81611 18
140347 81612 18
140347 81613 18
140347 81614 18
140347 81615 18
140347 81616 18
140347 81617 18
140347 81618 18
140347 81619 18
140347 81620 18
140347 81621 18
140347 81622 18
140347 81623 18
140347 81624 18
140347 81625 18
140347 81626 18
140347 81627 18
140347 81628 18
140347 81629 18
140348 81538 18
140348 81539 18
140348 81540 18
140348 81541 18
140348 81542 18
140348 81543 18
140348 81544 18
140348 81545 18
140348 81546 18
140348 81547 18
140348 81548 18
140348 81549 18
140348 81550 18
140348 81551 18
140348 81552 18
140348 81553 18
140348 81554 18
140348 81555 18
140348 81556 18
140348 81557 18
140348 81558 18
140348 81559 18
140348 81560 18
140348 81561 18
140348 81562 18
140348 81563 18
140348 81564 18
140348 81565 18
140348 81566 18
140348 81567 18
140348 81568 18
140348 81569 18
140348 81570 18
140348 81571 18
140348 81572 18
140348 81573 18
140348 81574 18
140348 81575 18
140348 81576 18
140348 81577 18
140348 81578 18
140348 81579 18
140348 81580 18
140348 81581 18
140348 81582 18
140348 81583 18
140348 81584 18
140348 81585 18
140348 81586 18
140348 81587 18
140348 81588 18
140348 81589 18
140348 81590 18
140348 81591 18
140348 81592 18
140348 81593 18
140348 81594 18
140348 81595 18
140348 81596 18
140348 81597 18
140348 81598 18
140348 81599 18
140348 81600 18
140348 81601 18
140348 81602 18
140348 81603 18
140348 81604 18
140348 81605 18
140348 81606 18
140348 81607 18
140348 81608 18
140348 81609 18
140348 81610 18
140348 81611 18
140348 81612 18
140348 81613 18
140348 81614 18
140348 81615 18
140348 81616 18
140348 81617 18
140348 81618 18
140348 81619 18
140348 81620 18
140348 81621 18
140348 81622 18
140348 81623 18
140348 81624 18
140348 81625 18
140348 81626 18
140348 81627 18
140348 81628 18
140348 81629 18
