1 0 1
2 1 2
4 2 3
8 4 4
17 9 5
34 19 6
68 39 7
137 79 8
274 159 9
548 319 10
1096 638 11
1096 639 11
1097 638 11
1097 639 11
2193 1277 12
2193 1278 12
2194 1277 12
2194 1278 12
4387 2554 13
4387 2555 13
4387 2556 13
4387 2557 13
4388 2554 13
4388 2555 13
4388 2556 13
4388 2557 13
8774 5109 14
8774 5110 14
8774 5111 14
8774 5112 14
8774 5113 14
8774 5114 14
8775 5109 14
8775 5110 14
8775 5111 14
8775 5112 14
8775 5113 14
8775 5114 14
8776 5109 14
8776 5110 14
8776 5111 14
8776 5112 14
8776 5113 14
8776 5114 14
8777 5109 14
8777 5110 14
8777 5111 14
8777 5112 14
8777 5113 14
8777 5114 14
17549 10218 15
17549 10219 15
17549 10220 15
17549 10221 15
17549 10222 15
17549 10223 15
17549 10224 15
17549 10225 15
17549 10226 15
17549 10227 15
17549 10228 15
17549 10229 15
17550 10218 15
17550 10219 15
17550 10220 15
17550 10221 15
17550 10222 15
17550 10223 15
17550 10224 15
17550 10225 15
17550 10226 15
17550 10227 15
17550 10228 15
17550 10229 15
17551 10218 15
17551 10219 15
17551 10220 15
17551 10221 15
17551 10222 15
17551 10223 15
17551 10224 15
17551 10225 15
17551 10226 15
17551 10227 15
17551 10228 15
17551 10229 15
17552 10218 15
17552 10219 15
17552 10220 15
17552 10221 15
17552 10222 15
17552 10223 15
17552 10224 15
17552 10225 15
17552 10226 15
17552 10227 15
17552 10228 15
17552 10229 15
17553 10218 15
17553 10219 15
17553 10220 15
17553 10221 15
17553 10222 15
17553 10223 15
17553 10224 15
17553 10225 15
17553 10226 15
17553 10227 15
17553 10228 15
17553 10229 15
17554 10218 15
17554 10219 15
17554 10220 15
17554 10221 15
17554 10222 15
17554 10223 15
17554 10224 15
17554 10225 15
17554 10226 15
17554 10227 15
17554 10228 15
17554 10229 15
35098 20436 16
35098 20437 16
35098 20438 16
35098 20439 16
35098 20440 16
35098 20441 16
35098 20442 16
35098 20443 16
35098 20444 16
35098 20445 16
35098 20446 16
35098 20447 16
35098 20448 16
35098 20449 16
35098 20450 16
35098 20451 16
35098 20452 16
35098 20453 16
35098 20454 16
35098 20455 16
35098 20456 16
35098 20457 16
35098 20458 16
35098 20459 16
35099 20436 16
35099 20437 16
35099 20438 16
35099 20439 16
35099 20440 16
35099 20441 16
35099 20442 16
35099 20443 16
35099 20444 16
35099 20445 16
35099 20446 16
35099 20447 16
35099 20448 16
35099 20449 16
35099 20450 16
35099 20451 16
35099 20452 16
35099 20453 16
35099 20454 16
35099 20455 16
35099 20456 16
35099 20457 16
35099 20458 16
35099 20459 16
35100 20436 16
35100 20437 16
35100 20438 16
35100 20439 16
35100 20440 16
35100 20441 16
35100 20442 16
35100 20443 16
35100 20444 16
35100 20445 16
35100 20446 16
35100 20447 16
35100 20448 16
35100 20449 16
35100 20450 16
35100 20451 16
35100 20452 16
35100 20453 16
35100 20454 16
35100 20455 16
35100 20456 16
35100 20457 16
35100 20458 16
35100 20459 16
35101 20436 16
35101 20437 16
35101 20438 16
35101 20439 16
35101 20440 16
35101 20441 16
35101 20442 16
35101 20443 16
35101 20444 16
35101 20445 16
35101 20446 16
35101 20447 16
35101 20448 16
35101 20449 16
35101 20450 16
35101 20451 16
35101 20452 16
35101 20453 16
35101 20454 16
35101 20455 16
35101 20456 16
35101 20457 16
35101 20458 16
35101 20459 16
35102 20436 16
35102 20437 16
35102 20438 16
35102 20439 16
35102 20440 16
35102 20441 16
35102 20442 16
35102 20443 16
35102 20444 16
35102 20445 16
35102 20446 16
35102 20447 16
35102 20448 16
35102 20449 16
35102 20450 16
35102 20451 16
35102 20452 16
35102 20453 16
35102 20454 16
35102 20455 16
35102 20456 16
35102 20457 16
35102 20458 16
35102 20459 16
35103 20436 16
35103 20437 16
35103 20438 16
35103 20439 16
35103 20440 16
35103 20441 16
35103 20442 16
35103 20443 16
35103 20444 16
35103 20445 16
35103 20446 16
35103 20447 16
35103 20448 16
35103 20449 16
35103 20450 16
35103 20451 16
35103 20452 16
35103 20453 16
35103 20454 16
35103 20455 16
35103 20456 16
35103 20457 16
35103 20458 16
35103 20459 16
35104 20436 16
35104 20437 16
35104 20438 16
35104 20439 16
35104 20440 16
35104 20441 16
35104 20442 16
35104 20443 16
35104 20444 16
35104 20445 16
35104 20446 16
35104 20447 16
35104 20448 16
35104 20449 16
35104 20450 16
35104 20451 16
35104 20452 16
35104 20453 16
35104 20454 16
35104 20455 16
35104 20456 16
35104 20457 16
35104 20458 16
35104 20459 16
35105 20436 16
35105 20437 16
35105 20438 16
35105 20439 16
35105 20440 16
35105 20441 16
35105 20442 16
35105 20443 16
35105 20444 16
35105 20445 16
35105 20446 16
35105 20447 16
35105 20448 16
35105 20449 16
35105 20450 16
35105 20451 16
35105 20452 16
35105 20453 16
35105 20454 16
35105 20455 16
35105 20456 16
35105 20457 16
35105 20458 16
35105 20459 16
35106 20436 16
35106 20437 16
35106 20438 16
35106 20439 16
35106 20440 16
35106 20441 16
35106 20442 16
35106 20443 16
35106 20444 16
35106 20445 16
35106 20446 16
35106 20447 16
35106 20448 16
35106 20449 16
35106 20450 16
35106 20451 16
35106 20452 16
35106 20453 16
35106 20454 16
35106 20455 16
35106 20456 16
35106 20457 16
35106 20458 16
35106 20459 16
35107 20436 16
35107 20437 16
35107 20438 16
35107 20439 16
35107 20440 16
35107 20441 16
35107 20442 16
35107 20443 16
35107 20444 16
35107 20445 16
35107 20446 16
35107 20447 16
35107 20448 16
35107 20449 16
35107 20450 16
35107 20451 16
35107 20452 16
35107 20453 16
35107 20454 16
35107 20455 16
35107 20456 16
35107 20457 16
35107 20458 16
35107 20459 16
35108 20436 16
35108 20437 16
35108 20438 16
35108 20439 16
35108 20440 16
35108 20441 16
35108 20442 16
35108 20443 16
35108 20444 16
35108 20445 16
35108 20446 16
35108 20447 16
35108 20448 16
35108 20449 16
35108 20450 16
35108 20451 16
35108 20452 16
35108 20453 16
35108 20454 16
35108 20455 16
35108 20456 16
35108 20457 16
35108 20458 16
35108 20459 16
35109 20436 16
35109 20437 16
35109 20438 16
35109 20439 16
35109 20440 16
35109 20441 16
35109 20442 16
35109 20443 16
35109 20444 16
35109 20445 16
35109 20446 16
35109 20447 16
35109 20448 16
35109 20449 16
35109 20450 16
35109 20451 16
35109 20452 16
35109 20453 16
35109 20454 16
35109 20455 16
35109 20456 16
35109 20457 16
35109 20458 16
35109 20459 16
70196 40873 17
70196 40874 17
70196 40875 17
70196 40876 17
70196 40877 17
70196 40878 17
70196 40879 17
70196 40880 17
70196 40881 17
70196 40882 17
70196 40883 17
70196 40884 17
70196 40885 17
70196 40886 17
70196 40887 17
70196 40888 17
70196 40889 17
70196 40890 17
70196 40891 17
70196 40892 17
70196 40893 17
70196 40894 17
70196 40895 17
70196 40896 17
70196 40897 17
70196 40898 17
70196 40899 17
70196 40900 17
70196 40901 17
70196 40902 17
70196 40903 17
70196 40904 17
70196 40905 17
70196 40906 17
70196 40907 17
70196 40908 17
70196 40909 17
70196 40910 17
70196 40911 17
70196 40912 17
70196 40913 17
70196 40914 17
70196 40915 17
70196 40916 17
70196 40917 17
70196 40918 17
70197 40873 17
70197 40874 17
70197 40875 17
70197 40876 17
70197 40877 17
70197 40878 17
70197 40879 17
70197 40880 17
70197 40881 17
70197 40882 17
70197 40883 17
70197 40884 17
70197 40885 17
70197 40886 17
70197 40887 17
70197 40888 17
70197 40889 17
70197 40890 17
70197 40891 17
70197 40892 17
70197 40893 17
70197 40894 17
70197 40895 17
70197 40896 17
70197 40897 17
70197 40898 17
70197 40899 17
70197 40900 17
70197 40901 17
70197 40902 17
70197 40903 17
70197 40904 17
70197 40905 17
70197 40906 17
70197 40907 17
70197 40908 17
70197 40909 17
70197 40910 17
70197 40911 17
70197 40912 17
70197 40913 17
70197 40914 17
70197 40915 17
70197 40916 17
70197 40917 17
70197 40918 17
70198 40873 17
70198 40874 17
70198 40875 17
70198 40876 17
70198 40877 17
70198 40878 17
70198 40879 17
70198 40880 17
70198 40881 17
70198 40882 17
70198 40883 17
70198 40884 17
70198 40885 17
70198 40886 17
70198 40887 17
70198 40888 17
70198 40889 17
70198 40890 17
70198 40891 17
70198 40892 17
70198 40893 17
70198 40894 17
70198 40895 17
70198 40896 17
70198 40897 17
70198 40898 17
70198 40899 17
70198 40900 17
70198 40901 17
70198 40902 17
70198 40903 17
70198 40904 17
70198 40905 17
70198 40906 17
70198 40907 17
70198 40908 17
70198 40909 17
70198 40910 17
70198 40911 17
70198 40912 17
70198 40913 17
70198 40914 17
70198 40915 17
70198 40916 17
70198 40917 17
70198 40918 17
70199 40873 17
70199 40874 17
70199 40875 17
70199 40876 17
70199 40877 17
70199 40878 17
70199 40879 17
70199 40880 17
70199 40881 17
70199 40882 17
70199 40883 17
70199 40884 17
70199 40885 17
70199 40886 17
70199 40887 17
70199 40888 17
70199 40889 17
70199 40890 17
70199 40891 17
70199 40892 17
70199 40893 17
70199 40894 17
70199 40895 17
70199 40896 17
70199 40897 17
70199 40898 17
70199 40899 17
70199 40900 17
70199 40901 17
70199 40902 17
70199 40903 17
70199 40904 17
70199 40905 17
70199 40906 17
70199 40907 17
70199 40908 17
70199 40909 17
70199 40910 17
70199 40911 17
70199 40912 17
70199 40913 17
70199 40914 17
70199 40915 17
70199 40916 17
70199 40917 17
70199 40918 17
70200 40873 17
70200 40874 17
70200 40875 17
70200 40876 17
70200 40877 17
70200 40878 17
70200 40879 17
70200 40880 17
70200 40881 17
70200 40882 17
70200 40883 17
70200 40884 17
70200 40885 17
70200 40886 17
70200 40887 17
70200 40888 17
70200 40889 17
70200 40890 17
70200 40891 17
70200 40892 17
70200 40893 17
70200 40894 17
70200 40895 17
70200 40896 17
70200 40897 17
70200 40898 17
70200 40899 17
70200 40900 17
70200 40901 17
70200 40902 17
70200 40903 17
70200 40904 17
70200 40905 17
70200 40906 17
70200 40907 17
70200 40908 17
70200 40909 17
70200 40910 17
70200 40911 17
70200 40912 17
70200 40913 17
70200 40914 17
70200 40915 17
70200 40916 17
70200 40917 17
70200 40918 17
70201 40873 17
70201 40874 17
70201 40875 17
70201 40876 17
70201 40877 17
70201 40878 17
70201 40879 17
70201 40880 17
70201 40881 17
70201 40882 17
70201 40883 17
70201 40884 17
70201 40885 17
70201 40886 17
70201 40887 17
70201 40888 17
70201 40889 17
70201 40890 17
70201 40891 17
70201 40892 17
70201 40893 17
70201 40894 17
70201 40895 17
70201 40896 17
70201 40897 17
70201 40898 17
70201 40899 17
70201 40900 17
70201 40901 17
70201 40902 17
70201 40903 17
70201 40904 17
70201 40905 17
70201 40906 17
70201 40907 17
70201 40908 17
70201 40909 17
70201 40910 17
70201 40911 17
70201 40912 17
70201 40913 17
70201 40914 17
70201 40915 17
70201 40916 17
70201 40917 17
70201 40918 17
70202 40873 17
70202 40874 17
70202 40875 17
70202 40876 17
70202 40877 17
70202 40878 17
70202 40879 17
70202 40880 17
70202 40881 17
70202 40882 17
70202 40883 17
70202 40884 17
70202 40885 17
70202 40886 17
70202 40887 17
70202 40888 17
70202 40889 17
70202 40890 17
70202 40891 17
70202 40892 17
70202 40893 17
70202 40894 17
70202 40895 17
70202 40896 17
70202 40897 17
70202 40898 17
70202 40899 17
70202 40900 17
70202 40901 17
70202 40902 17
70202 40903 17
70202 40904 17
70202 40905 17
70202 40906 17
70202 40907 17
70202 40908 17
70202 40909 17
70202 40910 17
70202 40911 17
70202 40912 17
70202 40913 17
70202 40914 17
70202 40915 17
70202 40916 17
70202 40917 17
70202 40918 17
70203 40873 17
70203 40874 17
70203 40875 17
70203 40876 17
70203 40877 17
70203 40878 17
70203 40879 17
70203 40880 17
70203 40881 17
70203 40882 17
70203 40883 17
70203 40884 17
70203 40885 17
70203 40886 17
70203 40887 17
70203 40888 17
70203 40889 17
70203 40890 17
70203 40891 17
70203 40892 17
70203 40893 17
70203 40894 17
70203 40895 17
70203 40896 17
70203 40897 17
70203 40898 17
70203 40899 17
70203 40900 17
70203 40901 17
70203 40902 17
70203 40903 17
70203 40904 17
70203 40905 17
70203 40906 17
70203 40907 17
70203 40908 17
70203 40909 17
70203 40910 17
70203 40911 17
70203 40912 17
70203 40913 17
70203 40914 17
70203 40915 17
70203 40916 17
70203 40917 17
70203 40918 17
70204 40873 17
70204 40874 17
70204 40875 17
70204 40876 17
70204 40877 17
70204 40878 17
70204 40879 17
70204 40880 17
70204 40881 17
70204 40882 17
70204 40883 17
70204 40884 17
70204 40885 17
70204 40886 17
70204 40887 17
70204 40888 17
70204 40889 17
70204 40890 17
70204 40891 17
70204 40892 17
70204 40893 17
70204 40894 17
70204 40895 17
70204 40896 17
70204 40897 17
70204 40898 17
70204 40899 17
70204 40900 17
70204 40901 17
70204 40902 17
70204 40903 17
70204 40904 17
70204 40905 17
70204 40906 17
70204 40907 17
70204 40908 17
70204 40909 17
70204 40910 17
70204 40911 17
70204 40912 17
70204 40913 17
70204 40914 17
70204 40915 17
70204 40916 17
70204 40917 17
70204 40918 17
70205 40873 17
70205 40874 17
70205 40875 17
70205 40876 17
70205 40877 17
70205 40878 17
70205 40879 17
70205 40880 17
70205 40881 17
70205 40882 17
70205 40883 17
70205 40884 17
70205 40885 17
70205 40886 17
70205 40887 17
70205 40888 17
70205 40889 17
70205 40890 17
70205 40891 17
70205 40892 17
70205 40893 17
70205 40894 17
70205 40895 17
70205 40896 17
70205 40897 17
70205 40898 17
70205 40899 17
70205 40900 17
70205 40901 17
70205 40902 17
70205 40903 17
70205 40904 17
70205 40905 17
70205 40906 17
70205 40907 17
70205 40908 17
70205 40909 17
70205 40910 17
70205 40911 17
70205 40912 17
70205 40913 17
70205 40914 17
70205 40915 17
70205 40916 17
70205 40917 17
70205 40918 17
70206 40873 17
70206 40874 17
70206 40875 17
70206 40876 17
70206 40877 17
70206 40878 17
70206 40879 17
70206 40880 17
70206 40881 17
70206 40882 17
70206 40883 17
70206 40884 17
70206 40885 17
70206 40886 17
70206 40887 17
70206 40888 17
70206 40889 17
70206 40890 17
70206 40891 17
70206 40892 17
70206 40893 17
70206 40894 17
70206 40895 17
70206 40896 17
70206 40897 17
70206 40898 17
70206 40899 17
70206 40900 17
70206 40901 17
70206 40902 17
70206 40903 17
70206 40904 17
70206 40905 17
70206 40906 17
70206 40907 17
70206 40908 17
70206 40909 17
70206 40910 17
70206 40911 17
70206 40912 17
70206 40913 17
70206 40914 17
70206 40915 17
70206 40916 17
70206 40917 17
70206 40918 17
70207 40873 17
70207 40874 17
70207 40875 17
70207 40876 17
70207 40877 17
70207 40878 17
70207 40879 17
70207 40880 17
70207 40881 17
70207 40882 17
70207 40883 17
70207 40884 17
70207 40885 17
70207 40886 17
70207 40887 17
70207 40888 17
70207 40889 17
70207 40890 17
70207 40891 17
70207 40892 17
70207 40893 17
70207 40894 17
70207 40895 17
70207 40896 17
70207 40897 17
70207 40898 17
70207 40899 17
70207 40900 17
70207 40901 17
70207 40902 17
70207 40903 17
70207 40904 17
70207 40905 17
70207 40906 17
70207 40907 17
70207 40908 17
70207 40909 17
70207 40910 17
70207 40911 17
70207 40912 17
70207 40913 17
70207 40914 17
70207 40915 17
70207 40916 17
70207 40917 17
70207 40918 17
70208 40873 17
70208 40874 17
70208 40875 17
70208 40876 17
70208 40877 17
70208 40878 17
70208 40879 17
70208 40880 17
70208 40881 17
70208 40882 17
70208 40883 17
70208 40884 17
70208 40885 17
70208 40886 17
70208 40887 17
70208 40888 17
70208 40889 17
70208 40890 17
70208 40891 17
70208 40892 17
70208 40893 17
70208 40894 17
70208 40895 17
70208 40896 17
70208 40897 17
70208 40898 17
70208 40899 17
70208 40900 17
70208 40901 17
70208 40902 17
70208 40903 17
70208 40904 17
70208 40905 17
70208 40906 17
70208 40907 17
70208 40908 17
70208 40909 17
70208 40910 17
70208 40911 17
70208 40912 17
70208 40913 17
70208 40914 17
70208 40915 17
70208 40916 17
70208 40917 17
70208 40918 17
70209 40873 17
70209 40874 17
70209 40875 17
70209 40876 17
70209 40877 17
70209 40878 17
70209 40879 17
70209 40880 17
70209 40881 17
70209 40882 17
70209 40883 17
70209 40884 17
70209 40885 17
70209 40886 17
70209 40887 17
70209 40888 17
70209 40889 17
70209 40890 17
70209 40891 17
70209 40892 17
70209 40893 17
70209 40894 17
70209 40895 17
70209 40896 17
70209 40897 17
70209 40898 17
70209 40899 17
70209 40900 17
70209 40901 17
70209 40902 17
70209 40903 17
70209 40904 17
70209 40905 17
70209 40906 17
70209 40907 17
70209 40908 17
70209 40909 17
70209 40910 17
70209 40911 17
70209 40912 17
70209 40913 17
70209 40914 17
70209 40915 17
70209 40916 17
70209 40917 17
70209 40918 17
70210 40873 17
70210 40874 17
70210 40875 17
70210 40876 17
70210 40877 17
70210 40878 17
70210 40879 17
70210 40880 17
70210 40881 17
70210 40882 17
70210 40883 17
70210 40884 17
70210 40885 17
70210 40886 17
70210 40887 17
70210 40888 17
70210 40889 17
70210 40890 17
70210 40891 17
70210 40892 17
70210 40893 17
70210 40894 17
70210 40895 17
70210 40896 17
70210 40897 17
70210 40898 17
70210 40899 17
70210 40900 17
70210 40901 17
70210 40902 17
70210 40903 17
70210 40904 17
70210 40905 17
70210 40906 17
70210 40907 17
70210 40908 17
70210 40909 17
70210 40910 17
70210 40911 17
70210 40912 17
70210 40913 17
70210 40914 17
70210 40915 17
70210 40916 17
70210 40917 17
70210 40918 17
70211 40873 17
70211 40874 17
70211 40875 17
70211 40876 17
70211 40877 17
70211 40878 17
70211 40879 17
70211 40880 17
70211 40881 17
70211 40882 17
70211 40883 17
70211 40884 17
70211 40885 17
70211 40886 17
70211 40887 17
70211 40888 17
70211 40889 17
70211 40890 17
70211 40891 17
70211 40892 17
70211 40893 17
70211 40894 17
70211 40895 17
70211 40896 17
70211 40897 17
70211 40898 17
70211 40899 17
70211 40900 17
70211 40901 17
70211 40902 17
70211 40903 17
70211 40904 17
70211 40905 17
70211 40906 17
70211 40907 17
70211 40908 17
70211 40909 17
70211 40910 17
70211 40911 17
70211 40912 17
70211 40913 17
70211 40914 17
70211 40915 17
70211 40916 17
70211 40917 17
70211 40918 17
70212 40873 17
70212 40874 17
70212 40875 17
70212 40876 17
70212 40877 17
70212 40878 17
70212 40879 17
70212 40880 17
70212 40881 17
70212 40882 17
70212 40883 17
70212 40884 17
70212 40885 17
70212 40886 17
70212 40887 17
70212 40888 17
70212 40889 17
70212 40890 17
70212 40891 17
70212 40892 17
70212 40893 17
70212 40894 17
70212 40895 17
70212 40896 17
70212 40897 17
70212 40898 17
70212 40899 17
70212 40900 17
70212 40901 17
70212 40902 17
70212 40903 17
70212 40904 17
70212 40905 17
70212 40906 17
70212 40907 17
70212 40908 17
70212 40909 17
70212 40910 17
70212 40911 17
70212 40912 17
70212 40913 17
70212 40914 17
70212 40915 17
70212 40916 17
70212 40917 17
70212 40918 17
70213 40873 17
70213 40874 17
70213 40875 17
70213 40876 17
70213 40877 17
70213 40878 17
70213 40879 17
70213 40880 17
70213 40881 17
70213 40882 17
70213 40883 17
70213 40884 17
70213 40885 17
70213 40886 17
70213 40887 17
70213 40888 17
70213 40889 17
70213 40890 17
70213 40891 17
70213 40892 17
70213 40893 17
70213 40894 17
70213 40895 17
70213 40896 17
70213 40897 17
70213 40898 17
70213 40899 17
70213 40900 17
70213 40901 17
70213 40902 17
70213 40903 17
70213 40904 17
70213 40905 17
70213 40906 17
70213 40907 17
70213 40908 17
70213 40909 17
70213 40910 17
70213 40911 17
70213 40912 17
70213 40913 17
70213 40914 17
70213 40915 17
70213 40916 17
70213 40917 17
70213 40918 17
70214 40873 17
70214 40874 17
70214 40875 17
70214 40876 17
70214 40877 17
70214 40878 17
70214 40879 17
70214 40880 17
70214 40881 17
70214 40882 17
70214 40883 17
70214 40884 17
70214 40885 17
70214 40886 17
70214 40887 17
70214 40888 17
70214 40889 17
70214 40890 17
70214 40891 17
70214 40892 17
70214 40893 17
70214 40894 17
70214 40895 17
70214 40896 17
70214 40897 17
70214 40898 17
70214 40899 17
70214 40900 17
70214 40901 17
70214 40902 17
70214 40903 17
70214 40904 17
70214 40905 17
70214 40906 17
70214 40907 17
70214 40908 17
70214 40909 17
70214 40910 17
70214 40911 17
70214 40912 17
70214 40913 17
70214 40914 17
70214 40915 17
70214 40916 17
70214 40917 17
70214 40918 17
70215 40873 17
70215 40874 17
70215 40875 17
70215 40876 17
70215 40877 17
70215 40878 17
70215 40879 17
70215 40880 17
70215 40881 17
70215 40882 17
70215 40883 17
70215 40884 17
70215 40885 17
70215 40886 17
70215 40887 17
70215 40888 17
70215 40889 17
70215 40890 17
70215 40891 17
70215 40892 17
70215 40893 17
70215 40894 17
70215 40895 17
70215 40896 17
70215 40897 17
70215 40898 17
70215 40899 17
70215 40900 17
70215 40901 17
70215 40902 17
70215 40903 17
70215 40904 17
70215 40905 17
70215 40906 17
70215 40907 17
70215 40908 17
70215 40909 17
70215 40910 17
70215 40911 17
70215 40912 17
70215 40913 17
70215 40914 17
70215 40915 17
70215 40916 17
70215 40917 17
70215 40918 17
70216 40873 17
70216 40874 17
70216 40875 17
70216 40876 17
70216 40877 17
70216 40878 17
70216 40879 17
70216 40880 17
70216 40881 17
70216 40882 17
70216 40883 17
70216 40884 17
70216 40885 17
70216 40886 17
70216 40887 17
70216 40888 17
70216 40889 17
70216 40890 17
70216 40891 17
70216 40892 17
70216 40893 17
70216 40894 17
70216 40895 17
70216 40896 17
70216 40897 17
70216 40898 17
70216 40899 17
70216 40900 17
70216 40901 17
70216 40902 17
70216 40903 17
70216 40904 17
70216 40905 17
70216 40906 17
70216 40907 17
70216 40908 17
70216 40909 17
70216 40910 17
70216 40911 17
70216 40912 17
70216 40913 17
70216 40914 17
70216 40915 17
70216 40916 17
70216 40917 17
70216 40918 17
70217 40873 17
70217 40874 17
70217 40875 17
70217 40876 17
70217 40877 17
70217 40878 17
70217 40879 17
70217 40880 17
70217 40881 17
70217 40882 17
70217 40883 17
70217 40884 17
70217 40885 17
70217 40886 17
70217 40887 17
70217 40888 17
70217 40889 17
70217 40890 17
70217 40891 17
70217 40892 17
70217 40893 17
70217 40894 17
70217 40895 17
70217 40896 17
70217 40897 17
70217 40898 17
70217 40899 17
70217 40900 17
70217 40901 17
70217 40902 17
70217 40903 17
70217 40904 17
70217 40905 17
70217 40906 17
70217 40907 17
70217 40908 17
70217 40909 17
70217 40910 17
70217 40911 17
70217 40912 17
70217 40913 17
70217 40914 17
70217 40915 17
70217 40916 17
70217 40917 17
70217 40918 17
70218 40873 17
70218 40874 17
70218 40875 17
70218 40876 17
70218 40877 17
70218 40878 17
70218 40879 17
70218 40880 17
70218 40881 17
70218 40882 17
70218 40883 17
70218 40884 17
70218 40885 17
70218 40886 17
70218 40887 17
70218 40888 17
70218 40889 17
70218 40890 17
70218 40891 17
70218 40892 17
70218 40893 17
70218 40894 17
70218 40895 17
70218 40896 17
70218 40897 17
70218 40898 17
70218 40899 17
70218 40900 17
70218 40901 17
70218 40902 17
70218 40903 17
70218 40904 17
70218 40905 17
70218 40906 17
70218 40907 17
70218 40908 17
70218 40909 17
70218 40910 17
70218 40911 17
70218 40912 17
70218 40913 17
70218 40914 17
70218 40915 17
70218 40916 17
70218 40917 17
70218 40918 17
140392 81746 18
140392 81747 18
140392 81748 18
140392 81749 18
140392 81750 18
140392 81751 18
140392 81752 18
140392 81753 18
140392 81754 18
140392 81755 18
140392 81756 18
140392 81757 18
140392 81758 18
140392 81759 18
140392 81760 18
140392 81761 18
140392 81762 18
140392 81763 18
140392 81764 18
140392 81765 18
140392 81766 18
140392 81767 18
140392 81768 18
140392 81769 18
140392 81770 18
140392 81771 18
140392 81772 18
140392 81773 18
140392 81774 18
140392 81775 18
140392 81776 18
140392 81777 18
140392 81778 18
140392 81779 18
140392 81780 18
140392 81781 18
140392 81782 18
140392 81783 18
140392 81784 18
140392 81785 18
140392 81786 18
140392 81787 18
140392 81788 18
140392 81789 18
140392 81790 18
140392 81791 18
140392 81792 18
140392 81793 18
140392 81794 18
140392 81795 18
140392 81796 18
140392 81797 18
140392 81798 18
140392 81799 18
140392 81800 18
140392 81801 18
140392 81802 18
140392 81803 18
140392 81804 18
140392 81805 18
140392 81806 18
140392 81807 18
140392 81808 18
140392 81809 18
140392 81810 18
140392 81811 18
140392 81812 18
140392 81813 18
140392 81814 18
140392 81815 18
140392 81816 18
140392 81817 18
140392 81818 18
140392 81819 18
140392 81820 18
140392 81821 18
140392 81822 18
140392 81823 18
140392 81824 18
140392 81825 18
140392 81826 18
140392 81827 18
140392 81828 18
140392 81829 18
140392 81830 18
140392 81831 18
140392 81832 18
140392 81833 18
140392 81834 18
140392 81835 18
140392 81836 18
140392 81837 18
140393 81746 18
140393 81747 18
140393 81748 18
140393 81749 18
140393 81750 18
140393 81751 18
140393 81752 18
140393 81753 18
140393 81754 18
140393 81755 18
140393 81756 18
140393 81757 18
140393 81758 18
140393 81759 18
140393 81760 18
140393 81761 18
140393 81762 18
140393 81763 18
140393 81764 18
140393 81765 18
140393 81766 18
140393 81767 18
140393 81768 18
140393 81769 18
140393 81770 18
140393 81771 18
140393 81772 18
140393 81773 18
140393 81774 18
140393 81775 18
140393 81776 18
140393 81777 18
140393 81778 18
140393 81779 18
140393 81780 18
140393 81781 18
140393 81782 18
140393 81783 18
140393 81784 18
140393 81785 18
140393 81786 18
140393 81787 18
140393 81788 18
140393 81789 18
140393 81790 18
140393 81791 18
140393 81792 18
140393 81793 18
140393 81794 18
140393 81795 18
140393 81796 18
140393 81797 18
140393 81798 18
140393 81799 18
140393 81800 18
140393 81801 18
140393 81802 18
140393 81803 18
140393 81804 18
140393 81805 18
140393 81806 18
140393 81807 18
140393 81808 18
140393 81809 18
140393 81810 18
140393 81811 18
140393 81812 18
140393 81813 18
140393 81814 18
140393 81815 18
140393 81816 18
140393 81817 18
140393 81818 18
140393 81819 18
140393 81820 18
140393 81821 18
140393 81822 18
140393 81823 18
140393 81824 18
140393 81825 18
140393 81826 18
140393 81827 18
140393 81828 18
140393 81829 18
140393 81830 18
140393 81831 18
140393 81832 18
140393 81833 18
140393 81834 18
140393 81835 18
140393 81836 18
140393 81837 18
140394 81746 18
140394 81747 18
140394 81748 18
140394 81749 18
140394 81750 18
140394 81751 18
140394 81752 18
140394 81753 18
140394 81754 18
140394 81755 18
140394 81756 18
140394 81757 18
140394 81758 18
140394 81759 18
140394 81760 18
140394 81761 18
140394 81762 18
140394 81763 18
140394 81764 18
140394 81765 18
140394 81766 18
140394 81767 18
140394 81768 18
140394 81769 18
140394 81770 18
140394 81771 18
140394 81772 18
140394 81773 18
140394 81774 18
140394 81775 18
140394 81776 18
140394 81777 18
140394 81778 18
140394 81779 18
140394 81780 18
140394 81781 18
140394 81782 18
140394 81783 18
140394 81784 18
140394 81785 18
140394 81786 18
140394 81787 18
140394 81788 18
140394 81789 18
140394 81790 18
140394 81791 18
140394 81792 18
140394 81793 18
140394 81794 18
140394 81795 18
140394 81796 18
140394 81797 18
140394 81798 18
140394 81799 18
140394 81800 18
140394 81801 18
140394 81802 18
140394 81803 18
140394 81804 18
140394 81805 18
140394 81806 18
140394 81807 18
140394 81808 18
140394 81809 18
140394 81810 18
140394 81811 18
140394 81812 18
140394 81813 18
140394 81814 18
140394 81815 18
140394 81816 18
140394 81817 18
140394 81818 18
140394 81819 18
140394 81820 18
140394 81821 18
140394 81822 18
140394 81823 18
140394 81824 18
140394 81825 18
140394 81826 18
140394 81827 18
140394 81828 18
140394 81829 18
140394 81830 18
140394 81831 18
140394 81832 18
140394 81833 18
140394 81834 18
140394 81835 18
140394 81836 18
140394 81837 18
140395 81746 18
140395 81747 18
140395 81748 18
140395 81749 18
140395 81750 18
140395 81751 18
140395 81752 18
140395 81753 18
140395 81754 18
140395 81755 18
140395 81756 18
140395 81757 18
140395 81758 18
140395 81759 18
140395 81760 18
140395 81761 18
140395 81762 18
140395 81763 18
140395 81764 18
140395 81765 18
140395 81766 18
140395 81767 18
140395 81768 18
140395 81769 18
140395 81770 18
140395 81771 18
140395 81772 18
140395 81773 18
140395 81774 18
140395 81775 18
140395 81776 18
140395 81777 18
140395 81778 18
140395 81779 18
140395 81780 18
140395 81781 18
140395 81782 18
140395 81783 18
140395 81784 18
140395 81785 18
140395 81786 18
140395 81787 18
140395 81788 18
140395 81789 18
140395 81790 18
140395 81791 18
140395 81792 18
140395 81793 18
140395 81794 18
140395 81795 18
140395 81796 18
140395 81797 18
140395 81798 18
140395 81799 18
140395 81800 18
140395 81801 18
140395 81802 18
140395 81803 18
140395 81804 18
140395 81805 18
140395 81806 18
140395 81807 18
140395 81808 18
140395 81809 18
140395 81810 18
140395 81811 18
140395 81812 18
140395 81813 18
140395 81814 18
140395 81815 18
140395 81816 18
140395 81817 18
140395 81818 18
140395 81819 18
140395 81820 18
140395 81821 18
140395 81822 18
140395 81823 18
140395 81824 18
140395 81825 18
140395 81826 18
140395 81827 18
140395 81828 18
140395 81829 18
140395 81830 18
140395 81831 18
140395 81832 18
140395 81833 18
140395 81834 18
140395 81835 18
140395 81836 18
140395 81837 18
140396 81746 18
140396 81747 18
140396 81748 18
140396 81749 18
140396 81750 18
140396 81751 18
140396 81752 18
140396 81753 18
140396 81754 18
140396 81755 18
140396 81756 18
140396 81757 18
140396 81758 18
140396 81759 18
140396 81760 18
140396 81761 18
140396 81762 18
140396 81763 18
140396 81764 18
140396 81765 18
140396 81766 18
140396 81767 18
140396 81768 18
140396 81769 18
140396 81770 18
140396 81771 18
140396 81772 18
140396 81773 18
140396 81774 18
140396 81775 18
140396 81776 18
140396 81777 18
140396 81778 18
140396 81779 18
140396 81780 18
140396 81781 18
140396 81782 18
140396 81783 18
140396 81784 18
140396 81785 18
140396 81786 18
140396 81787 18
140396 81788 18
140396 81789 18
140396 81790 18
140396 81791 18
140396 81792 18
140396 81793 18
140396 81794 18
140396 81795 18
140396 81796 18
140396 81797 18
140396 81798 18
140396 81799 18
140396 81800 18
140396 81801 18
140396 81802 18
140396 81803 18
140396 81804 18
140396 81805 18
140396 81806 18
140396 81807 18
140396 81808 18
140396 81809 18
140396 81810 18
140396 81811 18
140396 81812 18
140396 81813 18
140396 81814 18
140396 81815 18
140396 81816 18
140396 81817 18
140396 81818 18
140396 81819 18
140396 81820 18
140396 81821 18
140396 81822 18
140396 81823 18
140396 81824 18
140396 81825 18
140396 81826 18
140396 81827 18
140396 81828 18
140396 81829 18
140396 81830 18
140396 81831 18
140396 81832 18
140396 81833 18
140396 81834 18
140396 81835 18
140396 81836 18
140396 81837 18
140397 81746 18
140397 81747 18
140397 81748 18
140397 81749 18
140397 81750 18
140397 81751 18
140397 81752 18
140397 81753 18
140397 81754 18
140397 81755 18
140397 81756 18
140397 81757 18
140397 81758 18
140397 81759 18
140397 81760 18
140397 81761 18
140397 81762 18
140397 81763 18
140397 81764 18
140397 81765 18
140397 81766 18
140397 81767 18
140397 81768 18
140397 81769 18
140397 81770 18
140397 81771 18
140397 81772 18
140397 81773 18
140397 81774 18
140397 81775 18
140397 81776 18
140397 81777 18
140397 81778 18
140397 81779 18
140397 81780 18
140397 81781 18
140397 81782 18
140397 81783 18
140397 81784 18
140397 81785 18
140397 81786 18
140397 81787 18
140397 81788 18
140397 81789 18
140397 81790 18
140397 81791 18
140397 81792 18
140397 81793 18
140397 81794 18
140397 81795 18
140397 81796 18
140397 81797 18
140397 81798 18
140397 81799 18
140397 81800 18
140397 81801 18
140397 81802 18
140397 81803 18
140397 81804 18
140397 81805 18
140397 81806 18
140397 81807 18
140397 81808 18
140397 81809 18
140397 81810 18
140397 81811 18
140397 81812 18
140397 81813 18
140397 81814 18
140397 81815 18
140397 81816 18
140397 81817 18
140397 81818 18
140397 81819 18
140397 81820 18
140397 81821 18
140397 81822 18
140397 81823 18
140397 81824 18
140397 81825 18
140397 81826 18
140397 81827 18
140397 81828 18
140397 81829 18
140397 81830 18
140397 81831 18
140397 81832 18
140397 81833 18
140397 81834 18
140397 81835 18
140397 81836 18
140397 81837 18
140398 81746 18
140398 81747 18
140398 81748 18
140398 81749 18
140398 81750 18
140398 81751 18
140398 81752 18
140398 81753 18
140398 81754 18
140398 81755 18
140398 81756 18
140398 81757 18
140398 81758 18
140398 81759 18
140398 81760 18
140398 81761 18
140398 81762 18
140398 81763 18
140398 81764 18
140398 81765 18
140398 81766 18
140398 81767 18
140398 81768 18
140398 81769 18
140398 81770 18
140398 81771 18
140398 81772 18
140398 81773 18
140398 81774 18
140398 81775 18
140398 81776 18
140398 81777 18
140398 81778 18
140398 81779 18
140398 81780 18
140398 81781 18
140398 81782 18
140398 81783 18
140398 81784 18
140398 81785 18
140398 81786 18
140398 81787 18
140398 81788 18
140398 81789 18
140398 81790 18
140398 81791 18
140398 81792 18
140398 81793 18
140398 81794 18
140398 81795 18
140398 81796 18
140398 81797 18
140398 81798 18
140398 81799 18
140398 81800 18
140398 81801 18
140398 81802 18
140398 81803 18
140398 81804 18
140398 81805 18
140398 81806 18
140398 81807 18
140398 81808 18
140398 81809 18
140398 81810 18
140398 81811 18
140398 81812 18
140398 81813 18
140398 81814 18
140398 81815 18
140398 81816 18
140398 81817 18
140398 81818 18
140398 81819 18
140398 81820 18
140398 81821 18
140398 81822 18
140398 81823 18
140398 81824 18
140398 81825 18
140398 81826 18
140398 81827 18
140398 81828 18
140398 81829 18
140398 81830 18
140398 81831 18
140398 81832 18
140398 81833 18
140398 81834 18
140398 81835 18
140398 81836 18
140398 81837 18
140399 81746 18
140399 81747 18
140399 81748 18
140399 81749 18
140399 81750 18
140399 81751 18
140399 81752 18
140399 81753 18
140399 81754 18
140399 81755 18
140399 81756 18
140399 81757 18
140399 81758 18
140399 81759 18
140399 81760 18
140399 81761 18
140399 81762 18
140399 81763 18
140399 81764 18
140399 81765 18
140399 81766 18
140399 81767 18
140399 81768 18
140399 81769 18
140399 81770 18
140399 81771 18
140399 81772 18
140399 81773 18
140399 81774 18
140399 81775 18
140399 81776 18
140399 81777 18
140399 81778 18
140399 81779 18
140399 81780 18
140399 81781 18
140399 81782 18
140399 81783 18
140399 81784 18
140399 81785 18
140399 81786 18
140399 81787 18
140399 81788 18
140399 81789 18
140399 81790 18
140399 81791 18
140399 81792 18
140399 81793 18
140399 81794 18
140399 81795 18
140399 81796 18
140399 81797 18
140399 81798 18
140399 81799 18
140399 81800 18
140399 81801 18
140399 81802 18
140399 81803 18
140399 81804 18
140399 81805 18
140399 81806 18
140399 81807 18
140399 81808 18
140399 81809 18
140399 81810 18
140399 81811 18
140399 81812 18
140399 81813 18
140399 81814 18
140399 81815 18
140399 81816 18
140399 81817 18
140399 81818 18
140399 81819 18
140399 81820 18
140399 81821 18
140399 81822 18
140399 81823 18
140399 81824 18
140399 81825 18
140399 81826 18
140399 81827 18
140399 81828 18
140399 81829 18
140399 81830 18
140399 81831 18
140399 81832 18
140399 81833 18
140399 81834 18
140399 81835 18
140399 81836 18
140399 81837 18
140400 81746 18
140400 81747 18
140400 81748 18
140400 81749 18
140400 81750 18
140400 81751 18
140400 81752 18
140400 81753 18
140400 81754 18
140400 81755 18
140400 81756 18
140400 81757 18
140400 81758 18
140400 81759 18
140400 81760 18
140400 81761 18
140400 81762 18
140400 81763 18
140400 81764 18
140400 81765 18
140400 81766 18
140400 81767 18
140400 81768 18
140400 81769 18
140400 81770 18
140400 81771 18
140400 81772 18
140400 81773 18
140400 81774 18
140400 81775 18
140400 81776 18
140400 81777 18
140400 81778 18
140400 81779 18
140400 81780 18
140400 81781 18
140400 81782 18
140400 81783 18
140400 81784 18
140400 81785 18
140400 81786 18
140400 81787 18
140400 81788 18
140400 81789 18
140400 81790 18
140400 81791 18
140400 81792 18
140400 81793 18
140400 81794 18
140400 81795 18
140400 81796 18
140400 81797 18
140400 81798 18
140400 81799 18
140400 81800 18
140400 81801 18
140400 81802 18
140400 81803 18
140400 81804 18
140400 81805 18
140400 81806 18
140400 81807 18
140400 81808 18
140400 81809 18
140400 81810 18
140400 81811 18
140400 81812 18
140400 81813 18
140400 81814 18
140400 81815 18
140400 81816 18
140400 81817 18
140400 81818 18
140400 81819 18
140400 81820 18
140400 81821 18
140400 81822 18
140400 81823 18
140400 81824 18
140400 81825 18
140400 81826 18
140400 81827 18
140400 81828 18
140400 81829 18
140400 81830 18
140400 81831 18
140400 81832 18
140400 81833 18
140400 81834 18
140400 81835 18
140400 81836 18
140400 81837 18
140401 81746 18
140401 81747 18
140401 81748 18
140401 81749 18
140401 81750 18
140401 81751 18
140401 81752 18
140401 81753 18
140401 81754 18
140401 81755 18
140401 81756 18
140401 81757 18
140401 81758 18
140401 81759 18
140401 81760 18
140401 81761 18
140401 81762 18
140401 81763 18
140401 81764 18
140401 81765 18
140401 81766 18
140401 81767 18
140401 81768 18
140401 81769 18
140401 81770 18
140401 81771 18
140401 81772 18
140401 81773 18
140401 81774 18
140401 81775 18
140401 81776 18
140401 81777 18
140401 81778 18
140401 81779 18
140401 81780 18
140401 81781 18
140401 81782 18
140401 81783 18
140401 81784 18
140401 81785 18
140401 81786 18
140401 81787 18
140401 81788 18
140401 81789 18
140401 81790 18
140401 81791 18
140401 81792 18
140401 81793 18
140401 81794 18
140401 81795 18
140401 81796 18
140401 81797 18
140401 81798 18
140401 81799 18
140401 81800 18
140401 81801 18
140401 81802 18
140401 81803 18
140401 81804 18
140401 81805 18
140401 81806 18
140401 81807 18
140401 81808 18
140401 81809 18
140401 81810 18
140401 81811 18
140401 81812 18
140401 81813 18
140401 81814 18
140401 81815 18
140401 81816 18
140401 81817 18
140401 81818 18
140401 81819 18
140401 81820 18
140401 81821 18
140401 81822 18
140401 81823 18
140401 81824 18
140401 81825 18
140401 81826 18
140401 81827 18
140401 81828 18
140401 81829 18
140401 81830 18
140401 81831 18
140401 81832 18
140401 81833 18
140401 81834 18
140401 81835 18
140401 81836 18
140401 81837 18
140402 81746 18
140402 81747 18
140402 81748 18
140402 81749 18
140402 81750 18
140402 81751 18
140402 81752 18
140402 81753 18
140402 81754 18
140402 81755 18
140402 81756 18
140402 81757 18
140402 81758 18
140402 81759 18
140402 81760 18
140402 81761 18
140402 81762 18
140402 81763 18
140402 81764 18
140402 81765 18
140402 81766 18
140402 81767 18
140402 81768 18
140402 81769 18
140402 81770 18
140402 81771 18
140402 81772 18
140402 81773 18
140402 81774 18
140402 81775 18
140402 81776 18
140402 81777 18
140402 81778 18
140402 81779 18
140402 81780 18
140402 81781 18
140402 81782 18
140402 81783 18
140402 81784 18
140402 81785 18
140402 81786 18
140402 81787 18
140402 81788 18
140402 81789 18
140402 81790 18
140402 81791 18
140402 81792 18
140402 81793 18
140402 81794 18
140402 81795 18
140402 81796 18
140402 81797 18
140402 81798 18
140402 81799 18
140402 81800 18
140402 81801 18
140402 81802 18
140402 81803 18
140402 81804 18
140402 81805 18
140402 81806 18
140402 81807 18
140402 81808 18
140402 81809 18
140402 81810 18
140402 81811 18
140402 81812 18
140402 81813 18
140402 81814 18
140402 81815 18
140402 81816 18
140402 81817 18
140402 81818 18
140402 81819 18
140402 81820 18
140402 81821 18
140402 81822 18
140402 81823 18
140402 81824 18
140402 81825 18
140402 81826 18
140402 81827 18
140402 81828 18
140402 81829 18
140402 81830 18
140402 81831 18
140402 81832 18
140402 81833 18
140402 81834 18
140402 81835 18
140402 81836 18
140402 81837 18
140403 81746 18
140403 81747 18
140403 81748 18
140403 81749 18
140403 81750 18
140403 81751 18
140403 81752 18
140403 81753 18
140403 81754 18
140403 81755 18
140403 81756 18
140403 81757 18
140403 81758 18
140403 81759 18
140403 81760 18
140403 81761 18
140403 81762 18
140403 81763 18
140403 81764 18
140403 81765 18
140403 81766 18
140403 81767 18
140403 81768 18
140403 81769 18
140403 81770 18
140403 81771 18
140403 81772 18
140403 81773 18
140403 81774 18
140403 81775 18
140403 81776 18
140403 81777 18
140403 81778 18
140403 81779 18
140403 81780 18
140403 81781 18
140403 81782 18
140403 81783 18
140403 81784 18
140403 81785 18
140403 81786 18
140403 81787 18
140403 81788 18
140403 81789 18
140403 81790 18
140403 81791 18
140403 81792 18
140403 81793 18
140403 81794 18
140403 81795 18
140403 81796 18
140403 81797 18
140403 81798 18
140403 81799 18
140403 81800 18
140403 81801 18
140403 81802 18
140403 81803 18
140403 81804 18
140403 81805 18
140403 81806 18
140403 81807 18
140403 81808 18
140403 81809 18
140403 81810 18
140403 81811 18
140403 81812 18
140403 81813 18
140403 81814 18
140403 81815 18
140403 81816 18
140403 81817 18
140403 81818 18
140403 81819 18
140403 81820 18
140403 81821 18
140403 81822 18
140403 81823 18
140403 81824 18
140403 81825 18
140403 81826 18
140403 81827 18
140403 81828 18
140403 81829 18
140403 81830 18
140403 81831 18
140403 81832 18
140403 81833 18
140403 81834 18
140403 81835 18
140403 81836 18
140403 81837 18
140404 81746 18
140404 81747 18
140404 81748 18
140404 81749 18
140404 81750 18
140404 81751 18
140404 81752 18
140404 81753 18
140404 81754 18
140404 81755 18
140404 81756 18
140404 81757 18
140404 81758 18
140404 81759 18
140404 81760 18
140404 81761 18
140404 81762 18
140404 81763 18
140404 81764 18
140404 81765 18
140404 81766 18
140404 81767 18
140404 81768 18
140404 81769 18
140404 81770 18
140404 81771 18
140404 81772 18
140404 81773 18
140404 81774 18
140404 81775 18
140404 81776 18
140404 81777 18
140404 81778 18
140404 81779 18
140404 81780 18
140404 81781 18
140404 81782 18
140404 81783 18
140404 81784 18
140404 81785 18
140404 81786 18
140404 81787 18
140404 81788 18
140404 81789 18
140404 81790 18
140404 81791 18
140404 81792 18
140404 81793 18
140404 81794 18
140404 81795 18
140404 81796 18
140404 81797 18
140404 81798 18
140404 81799 18
140404 81800 18
140404 81801 18
140404 81802 18
140404 81803 18
140404 81804 18
140404 81805 18
140404 81806 18
140404 81807 18
140404 81808 18
140404 81809 18
140404 81810 18
140404 81811 18
140404 81812 18
140404 81813 18
140404 81814 18
140404 81815 18
140404 81816 18
140404 81817 18
140404 81818 18
140404 81819 18
140404 81820 18
140404 81821 18
140404 81822 18
140404 81823 18
140404 81824 18
140404 81825 18
140404 81826 18
140404 81827 18
140404 81828 18
140404 81829 18
140404 81830 18
140404 81831 18
140404 81832 18
140404 81833 18
140404 81834 18
140404 81835 18
140404 81836 18
140404 81837 18
140405 81746 18
140405 81747 18
140405 81748 18
140405 81749 18
140405 81750 18
140405 81751 18
140405 81752 18
140405 81753 18
140405 81754 18
140405 81755 18
140405 81756 18
140405 81757 18
140405 81758 18
140405 81759 18
140405 81760 18
140405 81761 18
140405 81762 18
140405 81763 18
140405 81764 18
140405 81765 18
140405 81766 18
140405 81767 18
140405 81768 18
140405 81769 18
140405 81770 18
140405 81771 18
140405 81772 18
140405 81773 18
140405 81774 18
140405 81775 18
140405 81776 18
140405 81777 18
140405 81778 18
140405 81779 18
140405 81780 18
140405 81781 18
140405 81782 18
140405 81783 18
140405 81784 18
140405 81785 18
140405 81786 18
140405 81787 18
140405 81788 18
140405 81789 18
140405 81790 18
140405 81791 18
140405 81792 18
140405 81793 18
140405 81794 18
140405 81795 18
140405 81796 18
140405 81797 18
140405 81798 18
140405 81799 18
140405 81800 18
140405 81801 18
140405 81802 18
140405 81803 18
140405 81804 18
140405 81805 18
140405 81806 18
140405 81807 18
140405 81808 18
140405 81809 18
140405 81810 18
140405 81811 18
140405 81812 18
140405 81813 18
140405 81814 18
140405 81815 18
140405 81816 18
140405 81817 18
140405 81818 18
140405 81819 18
140405 81820 18
140405 81821 18
140405 81822 18
140405 81823 18
140405 81824 18
140405 81825 18
140405 81826 18
140405 81827 18
140405 81828 18
140405 81829 18
140405 81830 18
140405 81831 18
140405 81832 18
140405 81833 18
140405 81834 18
140405 81835 18
140405 81836 18
140405 81837 18
140406 81746 18
140406 81747 18
140406 81748 18
140406 81749 18
140406 81750 18
140406 81751 18
140406 81752 18
140406 81753 18
140406 81754 18
140406 81755 18
140406 81756 18
140406 81757 18
140406 81758 18
140406 81759 18
140406 81760 18
140406 81761 18
140406 81762 18
140406 81763 18
140406 81764 18
140406 81765 18
140406 81766 18
140406 81767 18
140406 81768 18
140406 81769 18
140406 81770 18
140406 81771 18
140406 81772 18
140406 81773 18
140406 81774 18
140406 81775 18
140406 81776 18
140406 81777 18
140406 81778 18
140406 81779 18
140406 81780 18
140406 81781 18
140406 81782 18
140406 81783 18
140406 81784 18
140406 81785 18
140406 81786 18
140406 81787 18
140406 81788 18
140406 81789 18
140406 81790 18
140406 81791 18
140406 81792 18
140406 81793 18
140406 81794 18
140406 81795 18
140406 81796 18
140406 81797 18
140406 81798 18
140406 81799 18
140406 81800 18
140406 81801 18
140406 81802 18
140406 81803 18
140406 81804 18
140406 81805 18
140406 81806 18
140406 81807 18
140406 81808 18
140406 81809 18
140406 81810 18
140406 81811 18
140406 81812 18
140406 81813 18
140406 81814 18
140406 81815 18
140406 81816 18
140406 81817 18
140406 81818 18
140406 81819 18
140406 81820 18
140406 81821 18
140406 81822 18
140406 81823 18
140406 81824 18
140406 81825 18
140406 81826 18
140406 81827 18
140406 81828 18
140406 81829 18
140406 81830 18
140406 81831 18
140406 81832 18
140406 81833 18
140406 81834 18
140406 81835 18
140406 81836 18
140406 81837 18
140407 81746 18
140407 81747 18
140407 81748 18
140407 81749 18
140407 81750 18
140407 81751 18
140407 81752 18
140407 81753 18
140407 81754 18
140407 81755 18
140407 81756 18
140407 81757 18
140407 81758 18
140407 81759 18
140407 81760 18
140407 81761 18
140407 81762 18
140407 81763 18
140407 81764 18
140407 81765 18
140407 81766 18
140407 81767 18
140407 81768 18
140407 81769 18
140407 81770 18
140407 81771 18
140407 81772 18
140407 81773 18
140407 81774 18
140407 81775 18
140407 81776 18
140407 81777 18
140407 81778 18
140407 81779 18
140407 81780 18
140407 81781 18
140407 81782 18
140407 81783 18
140407 81784 18
140407 81785 18
140407 81786 18
140407 81787 18
140407 81788 18
140407 81789 18
140407 81790 18
140407 81791 18
140407 81792 18
140407 81793 18
140407 81794 18
140407 81795 18
140407 81796 18
140407 81797 18
140407 81798 18
140407 81799 18
140407 81800 18
140407 81801 18
140407 81802 18
140407 81803 18
140407 81804 18
140407 81805 18
140407 81806 18
140407 81807 18
140407 81808 18
140407 81809 18
140407 81810 18
140407 81811 18
140407 81812 18
140407 81813 18
140407 81814 18
140407 81815 18
140407 81816 18
140407 81817 18
140407 81818 18
140407 81819 18
140407 81820 18
140407 81821 18
140407 81822 18
140407 81823 18
140407 81824 18
140407 81825 18
140407 81826 18
140407 81827 18
140407 81828 18
140407 81829 18
140407 81830 18
140407 81831 18
140407 81832 18
140407 81833 18
140407 81834 18
140407 81835 18
140407 81836 18
140407 81837 18
140408 81746 18
140408 81747 18
140408 81748 18
140408 81749 18
140408 81750 18
140408 81751 18
140408 81752 18
140408 81753 18
140408 81754 18
140408 81755 18
140408 81756 18
140408 81757 18
140408 81758 18
140408 81759 18
140408 81760 18
140408 81761 18
140408 81762 18
140408 81763 18
140408 81764 18
140408 81765 18
140408 81766 18
140408 81767 18
140408 81768 18
140408 81769 18
140408 81770 18
140408 81771 18
140408 81772 18
140408 81773 18
140408 81774 18
140408 81775 18
140408 81776 18
140408 81777 18
140408 81778 18
140408 81779 18
140408 81780 18
140408 81781 18
140408 81782 18
140408 81783 18
140408 81784 18
140408 81785 18
140408 81786 18
140408 81787 18
140408 81788 18
140408 81789 18
140408 81790 18
140408 81791 18
140408 81792 18
140408 81793 18
140408 81794 18
140408 81795 18
140408 81796 18
140408 81797 18
140408 81798 18
140408 81799 18
140408 81800 18
140408 81801 18
140408 81802 18
140408 81803 18
140408 81804 18
140408 81805 18
140408 81806 18
140408 81807 18
140408 81808 18
140408 81809 18
140408 81810 18
140408 81811 18
140408 81812 18
140408 81813 18
140408 81814 18
140408 81815 18
140408 81816 18
140408 81817 18
140408 81818 18
140408 81819 18
140408 81820 18
140408 81821 18
140408 81822 18
140408 81823 18
140408 81824 18
140408 81825 18
140408 81826 18
140408 81827 18
140408 81828 18
140408 81829 18
140408 81830 18
140408 81831 18
140408 81832 18
140408 81833 18
140408 81834 18
140408 81835 18
140408 81836 18
140408 81837 18
140409 81746 18
140409 81747 18
140409 81748 18
140409 81749 18
140409 81750 18
140409 81751 18
140409 81752 18
140409 81753 18
140409 81754 18
140409 81755 18
140409 81756 18
140409 81757 18
140409 81758 18
140409 81759 18
140409 81760 18
140409 81761 18
140409 81762 18
140409 81763 18
140409 81764 18
140409 81765 18
140409 81766 18
140409 81767 18
140409 81768 18
140409 81769 18
140409 81770 18
140409 81771 18
140409 81772 18
140409 81773 18
140409 81774 18
140409 81775 18
140409 81776 18
140409 81777 18
140409 81778 18
140409 81779 18
140409 81780 18
140409 81781 18
140409 81782 18
140409 81783 18
140409 81784 18
140409 81785 18
140409 81786 18
140409 81787 18
140409 81788 18
140409 81789 18
140409 81790 18
140409 81791 18
140409 81792 18
140409 81793 18
140409 81794 18
140409 81795 18
140409 81796 18
140409 81797 18
140409 81798 18
140409 81799 18
140409 81800 18
140409 81801 18
140409 81802 18
140409 81803 18
140409 81804 18
140409 81805 18
140409 81806 18
140409 81807 18
140409 81808 18
140409 81809 18
140409 81810 18
140409 81811 18
140409 81812 18
140409 81813 18
140409 81814 18
140409 81815 18
140409 81816 18
140409 81817 18
140409 81818 18
140409 81819 18
140409 81820 18
140409 81821 18
140409 81822 18
140409 81823 18
140409 81824 18
140409 81825 18
140409 81826 18
140409 81827 18
140409 81828 18
140409 81829 18
140409 81830 18
140409 81831 18
140409 81832 18
140409 81833 18
140409 81834 18
140409 81835 18
140409 81836 18
140409 81837 18
140410 81746 18
140410 81747 18
140410 81748 18
140410 81749 18
140410 81750 18
140410 81751 18
140410 81752 18
140410 81753 18
140410 81754 18
140410 81755 18
140410 81756 18
140410 81757 18
140410 81758 18
140410 81759 18
140410 81760 18
140410 81761 18
140410 81762 18
140410 81763 18
140410 81764 18
140410 81765 18
140410 81766 18
140410 81767 18
140410 81768 18
140410 81769 18
140410 81770 18
140410 81771 18
140410 81772 18
140410 81773 18
140410 81774 18
140410 81775 18
140410 81776 18
140410 81777 18
140410 81778 18
140410 81779 18
140410 81780 18
140410 81781 18
140410 81782 18
140410 81783 18
140410 81784 18
140410 81785 18
140410 81786 18
140410 81787 18
140410 81788 18
140410 81789 18
140410 81790 18
140410 81791 18
140410 81792 18
140410 81793 18
140410 81794 18
140410 81795 18
140410 81796 18
140410 81797 18
140410 81798 18
140410 81799 18
140410 81800 18
140410 81801 18
140410 81802 18
140410 81803 18
140410 81804 18
140410 81805 18
140410 81806 18
140410 81807 18
140410 81808 18
140410 81809 18
140410 81810 18
140410 81811 18
140410 81812 18
140410 81813 18
140410 81814 18
140410 81815 18
140410 81816 18
140410 81817 18
140410 81818 18
140410 81819 18
140410 81820 18
140410 81821 18
140410 81822 18
140410 81823 18
140410 81824 18
140410 81825 18
140410 81826 18
140410 81827 18
140410 81828 18
140410 81829 18
140410 81830 18
140410 81831 18
140410 81832 18
140410 81833 18
140410 81834 18
140410 81835 18
140410 81836 18
140410 81837 18
140411 81746 18
140411 81747 18
140411 81748 18
140411 81749 18
140411 81750 18
140411 81751 18
140411 81752 18
140411 81753 18
140411 81754 18
140411 81755 18
140411 81756 18
140411 81757 18
140411 81758 18
140411 81759 18
140411 81760 18
140411 81761 18
140411 81762 18
140411 81763 18
140411 81764 18
140411 81765 18
140411 81766 18
140411 81767 18
140411 81768 18
140411 81769 18
140411 81770 18
140411 81771 18
140411 81772 18
140411 81773 18
140411 81774 18
140411 81775 18
140411 81776 18
140411 81777 18
140411 81778 18
140411 81779 18
140411 81780 18
140411 81781 18
140411 81782 18
140411 81783 18
140411 81784 18
140411 81785 18
140411 81786 18
140411 81787 18
140411 81788 18
140411 81789 18
140411 81790 18
140411 81791 18
140411 81792 18
140411 81793 18
140411 81794 18
140411 81795 18
140411 81796 18
140411 81797 18
140411 81798 18
140411 81799 18
140411 81800 18
140411 81801 18
140411 81802 18
140411 81803 18
140411 81804 18
140411 81805 18
140411 81806 18
140411 81807 18
140411 81808 18
140411 81809 18
140411 81810 18
140411 81811 18
140411 81812 18
140411 81813 18
140411 81814 18
140411 81815 18
140411 81816 18
140411 81817 18
140411 81818 18
140411 81819 18
140411 81820 18
140411 81821 18
140411 81822 18
140411 81823 18
140411 81824 18
140411 81825 18
140411 81826 18
140411 81827 18
140411 81828 18
140411 81829 18
140411 81830 18
140411 81831 18
140411 81832 18
140411 81833 18
140411 81834 18
140411 81835 18
140411 81836 18
140411 81837 18
140412 81746 18
140412 81747 18
140412 81748 18
140412 81749 18
140412 81750 18
140412 81751 18
140412 81752 18
140412 81753 18
140412 81754 18
140412 81755 18
140412 81756 18
140412 81757 18
140412 81758 18
140412 81759 18
140412 81760 18
140412 81761 18
140412 81762 18
140412 81763 18
140412 81764 18
140412 81765 18
140412 81766 18
140412 81767 18
140412 81768 18
140412 81769 18
140412 81770 18
140412 81771 18
140412 81772 18
140412 81773 18
140412 81774 18
140412 81775 18
140412 81776 18
140412 81777 18
140412 81778 18
140412 81779 18
140412 81780 18
140412 81781 18
140412 81782 18
140412 81783 18
140412 81784 18
140412 81785 18
140412 81786 18
140412 81787 18
140412 81788 18
140412 81789 18
140412 81790 18
140412 81791 18
140412 81792 18
140412 81793 18
140412 81794 18
140412 81795 18
140412 81796 18
140412 81797 18
140412 81798 18
140412 81799 18
140412 81800 18
140412 81801 18
140412 81802 18
140412 81803 18
140412 81804 18
140412 81805 18
140412 81806 18
140412 81807 18
140412 81808 18
140412 81809 18
140412 81810 18
140412 81811 18
140412 81812 18
140412 81813 18
140412 81814 18
140412 81815 18
140412 81816 18
140412 81817 18
140412 81818 18
140412 81819 18
140412 81820 18
140412 81821 18
140412 81822 18
140412 81823 18
140412 81824 18
140412 81825 18
140412 81826 18
140412 81827 18
140412 81828 18
140412 81829 18
140412 81830 18
140412 81831 18
140412 81832 18
140412 81833 18
140412 81834 18
140412 81835 18
140412 81836 18
140412 81837 18
140413 81746 18
140413 81747 18
140413 81748 18
140413 81749 18
140413 81750 18
140413 81751 18
140413 81752 18
140413 81753 18
140413 81754 18
140413 81755 18
140413 81756 18
140413 81757 18
140413 81758 18
140413 81759 18
140413 81760 18
140413 81761 18
140413 81762 18
140413 81763 18
140413 81764 18
140413 81765 18
140413 81766 18
140413 81767 18
140413 81768 18
140413 81769 18
140413 81770 18
140413 81771 18
140413 81772 18
140413 81773 18
140413 81774 18
140413 81775 18
140413 81776 18
140413 81777 18
140413 81778 18
140413 81779 18
140413 81780 18
140413 81781 18
140413 81782 18
140413 81783 18
140413 81784 18
140413 81785 18
140413 81786 18
140413 81787 18
140413 81788 18
140413 81789 18
140413 81790 18
140413 81791 18
140413 81792 18
140413 81793 18
140413 81794 18
140413 81795 18
140413 81796 18
140413 81797 18
140413 81798 18
140413 81799 18
140413 81800 18
140413 81801 18
140413 81802 18
140413 81803 18
140413 81804 18
140413 81805 18
140413 81806 18
140413 81807 18
140413 81808 18
140413 81809 18
140413 81810 18
140413 81811 18
140413 81812 18
140413 81813 18
140413 81814 18
140413 81815 18
140413 81816 18
140413 81817 18
140413 81818 18
140413 81819 18
140413 81820 18
140413 81821 18
140413 81822 18
140413 81823 18
140413 81824 18
140413 81825 18
140413 81826 18
140413 81827 18
140413 81828 18
140413 81829 18
140413 81830 18
140413 81831 18
140413 81832 18
140413 81833 18
140413 81834 18
140413 81835 18
140413 81836 18
140413 81837 18
140414 81746 18
140414 81747 18
140414 81748 18
140414 81749 18
140414 81750 18
140414 81751 18
140414 81752 18
140414 81753 18
140414 81754 18
140414 81755 18
140414 81756 18
140414 81757 18
140414 81758 18
140414 81759 18
140414 81760 18
140414 81761 18
140414 81762 18
140414 81763 18
140414 81764 18
140414 81765 18
140414 81766 18
140414 81767 18
140414 81768 18
140414 81769 18
140414 81770 18
140414 81771 18
140414 81772 18
140414 81773 18
140414 81774 18
140414 81775 18
140414 81776 18
140414 81777 18
140414 81778 18
140414 81779 18
140414 81780 18
140414 81781 18
140414 81782 18
140414 81783 18
140414 81784 18
140414 81785 18
140414 81786 18
140414 81787 18
140414 81788 18
140414 81789 18
140414 81790 18
140414 81791 18
140414 81792 18
140414 81793 18
140414 81794 18
140414 81795 18
140414 81796 18
140414 81797 18
140414 81798 18
140414 81799 18
140414 81800 18
140414 81801 18
140414 81802 18
140414 81803 18
140414 81804 18
140414 81805 18
140414 81806 18
140414 81807 18
140414 81808 18
140414 81809 18
140414 81810 18
140414 81811 18
140414 81812 18
140414 81813 18
140414 81814 18
140414 81815 18
140414 81816 18
140414 81817 18
140414 81818 18
140414 81819 18
140414 81820 18
140414 81821 18
140414 81822 18
140414 81823 18
140414 81824 18
140414 81825 18
140414 81826 18
140414 81827 18
140414 81828 18
140414 81829 18
140414 81830 18
140414 81831 18
140414 81832 18
140414 81833 18
140414 81834 18
140414 81835 18
140414 81836 18
140414 81837 18
140415 81746 18
140415 81747 18
140415 81748 18
140415 81749 18
140415 81750 18
140415 81751 18
140415 81752 18
140415 81753 18
140415 81754 18
140415 81755 18
140415 81756 18
140415 81757 18
140415 81758 18
140415 81759 18
140415 81760 18
140415 81761 18
140415 81762 18
140415 81763 18
140415 81764 18
140415 81765 18
140415 81766 18
140415 81767 18
140415 81768 18
140415 81769 18
140415 81770 18
140415 81771 18
140415 81772 18
140415 81773 18
140415 81774 18
140415 81775 18
140415 81776 18
140415 81777 18
140415 81778 18
140415 81779 18
140415 81780 18
140415 81781 18
140415 81782 18
140415 81783 18
140415 81784 18
140415 81785 18
140415 81786 18
140415 81787 18
140415 81788 18
140415 81789 18
140415 81790 18
140415 81791 18
140415 81792 18
140415 81793 18
140415 81794 18
140415 81795 18
140415 81796 18
140415 81797 18
140415 81798 18
140415 81799 18
140415 81800 18
140415 81801 18
140415 81802 18
140415 81803 18
140415 81804 18
140415 81805 18
140415 81806 18
140415 81807 18
140415 81808 18
140415 81809 18
140415 81810 18
140415 81811 18
140415 81812 18
140415 81813 18
140415 81814 18
140415 81815 18
140415 81816 18
140415 81817 18
140415 81818 18
140415 81819 18
140415 81820 18
140415 81821 18
140415 81822 18
140415 81823 18
140415 81824 18
140415 81825 18
140415 81826 18
140415 81827 18
140415 81828 18
140415 81829 18
140415 81830 18
140415 81831 18
140415 81832 18
140415 81833 18
140415 81834 18
140415 81835 18
140415 81836 18
140415 81837 18
140416 81746 18
140416 81747 18
140416 81748 18
140416 81749 18
140416 81750 18
140416 81751 18
140416 81752 18
140416 81753 18
140416 81754 18
140416 81755 18
140416 81756 18
140416 81757 18
140416 81758 18
140416 81759 18
140416 81760 18
140416 81761 18
140416 81762 18
140416 81763 18
140416 81764 18
140416 81765 18
140416 81766 18
140416 81767 18
140416 81768 18
140416 81769 18
140416 81770 18
140416 81771 18
140416 81772 18
140416 81773 18
140416 81774 18
140416 81775 18
140416 81776 18
140416 81777 18
140416 81778 18
140416 81779 18
140416 81780 18
140416 81781 18
140416 81782 18
140416 81783 18
140416 81784 18
140416 81785 18
140416 81786 18
140416 81787 18
140416 81788 18
140416 81789 18
140416 81790 18
140416 81791 18
140416 81792 18
140416 81793 18
140416 81794 18
140416 81795 18
140416 81796 18
140416 81797 18
140416 81798 18
140416 81799 18
140416 81800 18
140416 81801 18
140416 81802 18
140416 81803 18
140416 81804 18
140416 81805 18
140416 81806 18
140416 81807 18
140416 81808 18
140416 81809 18
140416 81810 18
140416 81811 18
140416 81812 18
140416 81813 18
140416 81814 18
140416 81815 18
140416 81816 18
140416 81817 18
140416 81818 18
140416 81819 18
140416 81820 18
140416 81821 18
140416 81822 18
140416 81823 18
140416 81824 18
140416 81825 18
140416 81826 18
140416 81827 18
140416 81828 18
140416 81829 18
140416 81830 18
140416 81831 18
140416 81832 18
140416 81833 18
140416 81834 18
140416 81835 18
140416 81836 18
140416 81837 18
140417 81746 18
140417 81747 18
140417 81748 18
140417 81749 18
140417 81750 18
140417 81751 18
140417 81752 18
140417 81753 18
140417 81754 18
140417 81755 18
140417 81756 18
140417 81757 18
140417 81758 18
140417 81759 18
140417 81760 18
140417 81761 18
140417 81762 18
140417 81763 18
140417 81764 18
140417 81765 18
140417 81766 18
140417 81767 18
140417 81768 18
140417 81769 18
140417 81770 18
140417 81771 18
140417 81772 18
140417 81773 18
140417 81774 18
140417 81775 18
140417 81776 18
140417 81777 18
140417 81778 18
140417 81779 18
140417 81780 18
140417 81781 18
140417 81782 18
140417 81783 18
140417 81784 18
140417 81785 18
140417 81786 18
140417 81787 18
140417 81788 18
140417 81789 18
140417 81790 18
140417 81791 18
140417 81792 18
140417 81793 18
140417 81794 18
140417 81795 18
140417 81796 18
140417 81797 18
140417 81798 18
140417 81799 18
140417 81800 18
140417 81801 18
140417 81802 18
140417 81803 18
140417 81804 18
140417 81805 18
140417 81806 18
140417 81807 18
140417 81808 18
140417 81809 18
140417 81810 18
140417 81811 18
140417 81812 18
140417 81813 18
140417 81814 18
140417 81815 18
140417 81816 18
140417 81817 18
140417 81818 18
140417 81819 18
140417 81820 18
140417 81821 18
140417 81822 18
140417 81823 18
140417 81824 18
140417 81825 18
140417 81826 18
140417 81827 18
140417 81828 18
140417 81829 18
140417 81830 18
140417 81831 18
140417 81832 18
140417 81833 18
140417 81834 18
140417 81835 18
140417 81836 18
140417 81837 18
140418 81746 18
140418 81747 18
140418 81748 18
140418 81749 18
140418 81750 18
140418 81751 18
140418 81752 18
140418 81753 18
140418 81754 18
140418 81755 18
140418 81756 18
140418 81757 18
140418 81758 18
140418 81759 18
140418 81760 18
140418 81761 18
140418 81762 18
140418 81763 18
140418 81764 18
140418 81765 18
140418 81766 18
140418 81767 18
140418 81768 18
140418 81769 18
140418 81770 18
140418 81771 18
140418 81772 18
140418 81773 18
140418 81774 18
140418 81775 18
140418 81776 18
140418 81777 18
140418 81778 18
140418 81779 18
140418 81780 18
140418 81781 18
140418 81782 18
140418 81783 18
140418 81784 18
140418 81785 18
140418 81786 18
140418 81787 18
140418 81788 18
140418 81789 18
140418 81790 18
140418 81791 18
140418 81792 18
140418 81793 18
140418 81794 18
140418 81795 18
140418 81796 18
140418 81797 18
140418 81798 18
140418 81799 18
140418 81800 18
140418 81801 18
140418 81802 18
140418 81803 18
140418 81804 18
140418 81805 18
140418 81806 18
140418 81807 18
140418 81808 18
140418 81809 18
140418 81810 18
140418 81811 18
140418 81812 18
140418 81813 18
140418 81814 18
140418 81815 18
140418 81816 18
140418 81817 18
140418 81818 18
140418 81819 18
140418 81820 18
140418 81821 18
140418 81822 18
140418 81823 18
140418 81824 18
140418 81825 18
140418 81826 18
140418 81827 18
140418 81828 18
140418 81829 18
140418 81830 18
140418 81831 18
140418 81832 18
140418 81833 18
140418 81834 18
140418 81835 18
140418 81836 18
140418 81837 18
140419 81746 18
140419 81747 18
140419 81748 18
140419 81749 18
140419 81750 18
140419 81751 18
140419 81752 18
140419 81753 18
140419 81754 18
140419 81755 18
140419 81756 18
140419 81757 18
140419 81758 18
140419 81759 18
140419 81760 18
140419 81761 18
140419 81762 18
140419 81763 18
140419 81764 18
140419 81765 18
140419 81766 18
140419 81767 18
140419 81768 18
140419 81769 18
140419 81770 18
140419 81771 18
140419 81772 18
140419 81773 18
140419 81774 18
140419 81775 18
140419 81776 18
140419 81777 18
140419 81778 18
140419 81779 18
140419 81780 18
140419 81781 18
140419 81782 18
140419 81783 18
140419 81784 18
140419 81785 18
140419 81786 18
140419 81787 18
140419 81788 18
140419 81789 18
140419 81790 18
140419 81791 18
140419 81792 18
140419 81793 18
140419 81794 18
140419 81795 18
140419 81796 18
140419 81797 18
140419 81798 18
140419 81799 18
140419 81800 18
140419 81801 18
140419 81802 18
140419 81803 18
140419 81804 18
140419 81805 18
140419 81806 18
140419 81807 18
140419 81808 18
140419 81809 18
140419 81810 18
140419 81811 18
140419 81812 18
140419 81813 18
140419 81814 18
140419 81815 18
140419 81816 18
140419 81817 18
140419 81818 18
140419 81819 18
140419 81820 18
140419 81821 18
140419 81822 18
140419 81823 18
140419 81824 18
140419 81825 18
140419 81826 18
140419 81827 18
140419 81828 18
140419 81829 18
140419 81830 18
140419 81831 18
140419 81832 18
140419 81833 18
140419 81834 18
140419 81835 18
140419 81836 18
140419 81837 18
140420 81746 18
140420 81747 18
140420 81748 18
140420 81749 18
140420 81750 18
140420 81751 18
140420 81752 18
140420 81753 18
140420 81754 18
140420 81755 18
140420 81756 18
140420 81757 18
140420 81758 18
140420 81759 18
140420 81760 18
140420 81761 18
140420 81762 18
140420 81763 18
140420 81764 18
140420 81765 18
140420 81766 18
140420 81767 18
140420 81768 18
140420 81769 18
140420 81770 18
140420 81771 18
140420 81772 18
140420 81773 18
140420 81774 18
140420 81775 18
140420 81776 18
140420 81777 18
140420 81778 18
140420 81779 18
140420 81780 18
140420 81781 18
140420 81782 18
140420 81783 18
140420 81784 18
140420 81785 18
140420 81786 18
140420 81787 18
140420 81788 18
140420 81789 18
140420 81790 18
140420 81791 18
140420 81792 18
140420 81793 18
140420 81794 18
140420 81795 18
140420 81796 18
140420 81797 18
140420 81798 18
140420 81799 18
140420 81800 18
140420 81801 18
140420 81802 18
140420 81803 18
140420 81804 18
140420 81805 18
140420 81806 18
140420 81807 18
140420 81808 18
140420 81809 18
140420 81810 18
140420 81811 18
140420 81812 18
140420 81813 18
140420 81814 18
140420 81815 18
140420 81816 18
140420 81817 18
140420 81818 18
140420 81819 18
140420 81820 18
140420 81821 18
140420 81822 18
140420 81823 18
140420 81824 18
140420 81825 18
140420 81826 18
140420 81827 18
140420 81828 18
140420 81829 18
140420 81830 18
140420 81831 18
140420 81832 18
140420 81833 18
140420 81834 18
140420 81835 18
140420 81836 18
140420 81837 18
140421 81746 18
140421 81747 18
140421 81748 18
140421 81749 18
140421 81750 18
140421 81751 18
140421 81752 18
140421 81753 18
140421 81754 18
140421 81755 18
140421 81756 18
140421 81757 18
140421 81758 18
140421 81759 18
140421 81760 18
140421 81761 18
140421 81762 18
140421 81763 18
140421 81764 18
140421 81765 18
140421 81766 18
140421 81767 18
140421 81768 18
140421 81769 18
140421 81770 18
140421 81771 18
140421 81772 18
140421 81773 18
140421 81774 18
140421 81775 18
140421 81776 18
140421 81777 18
140421 81778 18
140421 81779 18
140421 81780 18
140421 81781 18
140421 81782 18
140421 81783 18
140421 81784 18
140421 81785 18
140421 81786 18
140421 81787 18
140421 81788 18
140421 81789 18
140421 81790 18
140421 81791 18
140421 81792 18
140421 81793 18
140421 81794 18
140421 81795 18
140421 81796 18
140421 81797 18
140421 81798 18
140421 81799 18
140421 81800 18
140421 81801 18
140421 81802 18
140421 81803 18
140421 81804 18
140421 81805 18
140421 81806 18
140421 81807 18
140421 81808 18
140421 81809 18
140421 81810 18
140421 81811 18
140421 81812 18
140421 81813 18
140421 81814 18
140421 81815 18
140421 81816 18
140421 81817 18
140421 81818 18
140421 81819 18
140421 81820 18
140421 81821 18
140421 81822 18
140421 81823 18
140421 81824 18
140421 81825 18
140421 81826 18
140421 81827 18
140421 81828 18
140421 81829 18
140421 81830 18
140421 81831 18
140421 81832 18
140421 81833 18
140421 81834 18
140421 81835 18
140421 81836 18
140421 81837 18
140422 81746 18
140422 81747 18
140422 81748 18
140422 81749 18
140422 81750 18
140422 81751 18
140422 81752 18
140422 81753 18
140422 81754 18
140422 81755 18
140422 81756 18
140422 81757 18
140422 81758 18
140422 81759 18
140422 81760 18
140422 81761 18
140422 81762 18
140422 81763 18
140422 81764 18
140422 81765 18
140422 81766 18
140422 81767 18
140422 81768 18
140422 81769 18
140422 81770 18
140422 81771 18
140422 81772 18
140422 81773 18
140422 81774 18
140422 81775 18
140422 81776 18
140422 81777 18
140422 81778 18
140422 81779 18
140422 81780 18
140422 81781 18
140422 81782 18
140422 81783 18
140422 81784 18
140422 81785 18
140422 81786 18
140422 81787 18
140422 81788 18
140422 81789 18
140422 81790 18
140422 81791 18
140422 81792 18
140422 81793 18
140422 81794 18
140422 81795 18
140422 81796 18
140422 81797 18
140422 81798 18
140422 81799 18
140422 81800 18
140422 81801 18
140422 81802 18
140422 81803 18
140422 81804 18
140422 81805 18
140422 81806 18
140422 81807 18
140422 81808 18
140422 81809 18
140422 81810 18
140422 81811 18
140422 81812 18
140422 81813 18
140422 81814 18
140422 81815 18
140422 81816 18
140422 81817 18
140422 81818 18
140422 81819 18
140422 81820 18
140422 81821 18
140422 81822 18
140422 81823 18
140422 81824 18
140422 81825 18
140422 81826 18
140422 81827 18
140422 81828 18
140422 81829 18
140422 81830 18
140422 81831 18
140422 81832 18
140422 81833 18
140422 81834 18
140422 81835 18
140422 81836 18
140422 81837 18
140423 81746 18
140423 81747 18
140423 81748 18
140423 81749 18
140423 81750 18
140423 81751 18
140423 81752 18
140423 81753 18
140423 81754 18
140423 81755 18
140423 81756 18
140423 81757 18
140423 81758 18
140423 81759 18
140423 81760 18
140423 81761 18
140423 81762 18
140423 81763 18
140423 81764 18
140423 81765 18
140423 81766 18
140423 81767 18
140423 81768 18
140423 81769 18
140423 81770 18
140423 81771 18
140423 81772 18
140423 81773 18
140423 81774 18
140423 81775 18
140423 81776 18
140423 81777 18
140423 81778 18
140423 81779 18
140423 81780 18
140423 81781 18
140423 81782 18
140423 81783 18
140423 81784 18
140423 81785 18
140423 81786 18
140423 81787 18
140423 81788 18
140423 81789 18
140423 81790 18
140423 81791 18
140423 81792 18
140423 81793 18
140423 81794 18
140423 81795 18
140423 81796 18
140423 81797 18
140423 81798 18
140423 81799 18
140423 81800 18
140423 81801 18
140423 81802 18
140423 81803 18
140423 81804 18
140423 81805 18
140423 81806 18
140423 81807 18
140423 81808 18
140423 81809 18
140423 81810 18
140423 81811 18
140423 81812 18
140423 81813 18
140423 81814 18
140423 81815 18
140423 81816 18
140423 81817 18
140423 81818 18
140423 81819 18
140423 81820 18
140423 81821 18
140423 81822 18
140423 81823 18
140423 81824 18
140423 81825 18
140423 81826 18
140423 81827 18
140423 81828 18
140423 81829 18
140423 81830 18
140423 81831 18
140423 81832 18
140423 81833 18
140423 81834 18
140423 81835 18
140423 81836 18
140423 81837 18
140424 81746 18
140424 81747 18
140424 81748 18
140424 81749 18
140424 81750 18
140424 81751 18
140424 81752 18
140424 81753 18
140424 81754 18
140424 81755 18
140424 81756 18
140424 81757 18
140424 81758 18
140424 81759 18
140424 81760 18
140424 81761 18
140424 81762 18
140424 81763 18
140424 81764 18
140424 81765 18
140424 81766 18
140424 81767 18
140424 81768 18
140424 81769 18
140424 81770 18
140424 81771 18
140424 81772 18
140424 81773 18
140424 81774 18
140424 81775 18
140424 81776 18
140424 81777 18
140424 81778 18
140424 81779 18
140424 81780 18
140424 81781 18
140424 81782 18
140424 81783 18
140424 81784 18
140424 81785 18
140424 81786 18
140424 81787 18
140424 81788 18
140424 81789 18
140424 81790 18
140424 81791 18
140424 81792 18
140424 81793 18
140424 81794 18
140424 81795 18
140424 81796 18
140424 81797 18
140424 81798 18
140424 81799 18
140424 81800 18
140424 81801 18
140424 81802 18
140424 81803 18
140424 81804 18
140424 81805 18
140424 81806 18
140424 81807 18
140424 81808 18
140424 81809 18
140424 81810 18
140424 81811 18
140424 81812 18
140424 81813 18
140424 81814 18
140424 81815 18
140424 81816 18
140424 81817 18
140424 81818 18
140424 81819 18
140424 81820 18
140424 81821 18
140424 81822 18
140424 81823 18
140424 81824 18
140424 81825 18
140424 81826 18
140424 81827 18
140424 81828 18
140424 81829 18
140424 81830 18
140424 81831 18
140424 81832 18
140424 81833 18
140424 81834 18
140424 81835 18
140424 81836 18
140424 81837 18
140425 81746 18
140425 81747 18
140425 81748 18
140425 81749 18
140425 81750 18
140425 81751 18
140425 81752 18
140425 81753 18
140425 81754 18
140425 81755 18
140425 81756 18
140425 81757 18
140425 81758 18
140425 81759 18
140425 81760 18
140425 81761 18
140425 81762 18
140425 81763 18
140425 81764 18
140425 81765 18
140425 81766 18
140425 81767 18
140425 81768 18
140425 81769 18
140425 81770 18
140425 81771 18
140425 81772 18
140425 81773 18
140425 81774 18
140425 81775 18
140425 81776 18
140425 81777 18
140425 81778 18
140425 81779 18
140425 81780 18
140425 81781 18
140425 81782 18
140425 81783 18
140425 81784 18
140425 81785 18
140425 81786 18
140425 81787 18
140425 81788 18
140425 81789 18
140425 81790 18
140425 81791 18
140425 81792 18
140425 81793 18
140425 81794 18
140425 81795 18
140425 81796 18
140425 81797 18
140425 81798 18
140425 81799 18
140425 81800 18
140425 81801 18
140425 81802 18
140425 81803 18
140425 81804 18
140425 81805 18
140425 81806 18
140425 81807 18
140425 81808 18
140425 81809 18
140425 81810 18
140425 81811 18
140425 81812 18
140425 81813 18
140425 81814 18
140425 81815 18
140425 81816 18
140425 81817 18
140425 81818 18
140425 81819 18
140425 81820 18
140425 81821 18
140425 81822 18
140425 81823 18
140425 81824 18
140425 81825 18
140425 81826 18
140425 81827 18
140425 81828 18
140425 81829 18
140425 81830 18
140425 81831 18
140425 81832 18
140425 81833 18
140425 81834 18
140425 81835 18
140425 81836 18
140425 81837 18
140426 81746 18
140426 81747 18
140426 81748 18
140426 81749 18
140426 81750 18
140426 81751 18
140426 81752 18
140426 81753 18
140426 81754 18
140426 81755 18
140426 81756 18
140426 81757 18
140426 81758 18
140426 81759 18
140426 81760 18
140426 81761 18
140426 81762 18
140426 81763 18
140426 81764 18
140426 81765 18
140426 81766 18
140426 81767 18
140426 81768 18
140426 81769 18
140426 81770 18
140426 81771 18
140426 81772 18
140426 81773 18
140426 81774 18
140426 81775 18
140426 81776 18
140426 81777 18
140426 81778 18
140426 81779 18
140426 81780 18
140426 81781 18
140426 81782 18
140426 81783 18
140426 81784 18
140426 81785 18
140426 81786 18
140426 81787 18
140426 81788 18
140426 81789 18
140426 81790 18
140426 81791 18
140426 81792 18
140426 81793 18
140426 81794 18
140426 81795 18
140426 81796 18
140426 81797 18
140426 81798 18
140426 81799 18
140426 81800 18
140426 81801 18
140426 81802 18
140426 81803 18
140426 81804 18
140426 81805 18
140426 81806 18
140426 81807 18
140426 81808 18
140426 81809 18
140426 81810 18
140426 81811 18
140426 81812 18
140426 81813 18
140426 81814 18
140426 81815 18
140426 81816 18
140426 81817 18
140426 81818 18
140426 81819 18
140426 81820 18
140426 81821 18
140426 81822 18
140426 81823 18
140426 81824 18
140426 81825 18
140426 81826 18
140426 81827 18
140426 81828 18
140426 81829 18
140426 81830 18
140426 81831 18
140426 81832 18
140426 81833 18
140426 81834 18
140426 81835 18
140426 81836 18
140426 81837 18
140427 81746 18
140427 81747 18
140427 81748 18
140427 81749 18
140427 81750 18
140427 81751 18
140427 81752 18
140427 81753 18
140427 81754 18
140427 81755 18
140427 81756 18
140427 81757 18
140427 81758 18
140427 81759 18
140427 81760 18
140427 81761 18
140427 81762 18
140427 81763 18
140427 81764 18
140427 81765 18
140427 81766 18
140427 81767 18
140427 81768 18
140427 81769 18
140427 81770 18
140427 81771 18
140427 81772 18
140427 81773 18
140427 81774 18
140427 81775 18
140427 81776 18
140427 81777 18
140427 81778 18
140427 81779 18
140427 81780 18
140427 81781 18
140427 81782 18
140427 81783 18
140427 81784 18
140427 81785 18
140427 81786 18
140427 81787 18
140427 81788 18
140427 81789 18
140427 81790 18
140427 81791 18
140427 81792 18
140427 81793 18
140427 81794 18
140427 81795 18
140427 81796 18
140427 81797 18
140427 81798 18
140427 81799 18
140427 81800 18
140427 81801 18
140427 81802 18
140427 81803 18
140427 81804 18
140427 81805 18
140427 81806 18
140427 81807 18
140427 81808 18
140427 81809 18
140427 81810 18
140427 81811 18
140427 81812 18
140427 81813 18
140427 81814 18
140427 81815 18
140427 81816 18
140427 81817 18
140427 81818 18
140427 81819 18
140427 81820 18
140427 81821 18
140427 81822 18
140427 81823 18
140427 81824 18
140427 81825 18
140427 81826 18
140427 81827 18
140427 81828 18
140427 81829 18
140427 81830 18
140427 81831 18
140427 81832 18
140427 81833 18
140427 81834 18
140427 81835 18
140427 81836 18
140427 81837 18
140428 81746 18
140428 81747 18
140428 81748 18
140428 81749 18
140428 81750 18
140428 81751 18
140428 81752 18
140428 81753 18
140428 81754 18
140428 81755 18
140428 81756 18
140428 81757 18
140428 81758 18
140428 81759 18
140428 81760 18
140428 81761 18
140428 81762 18
140428 81763 18
140428 81764 18
140428 81765 18
140428 81766 18
140428 81767 18
140428 81768 18
140428 81769 18
140428 81770 18
140428 81771 18
140428 81772 18
140428 81773 18
140428 81774 18
140428 81775 18
140428 81776 18
140428 81777 18
140428 81778 18
140428 81779 18
140428 81780 18
140428 81781 18
140428 81782 18
140428 81783 18
140428 81784 18
140428 81785 18
140428 81786 18
140428 81787 18
140428 81788 18
140428 81789 18
140428 81790 18
140428 81791 18
140428 81792 18
140428 81793 18
140428 81794 18
140428 81795 18
140428 81796 18
140428 81797 18
140428 81798 18
140428 81799 18
140428 81800 18
140428 81801 18
140428 81802 18
140428 81803 18
140428 81804 18
140428 81805 18
140428 81806 18
140428 81807 18
140428 81808 18
140428 81809 18
140428 81810 18
140428 81811 18
140428 81812 18
140428 81813 18
140428 81814 18
140428 81815 18
140428 81816 18
140428 81817 18
140428 81818 18
140428 81819 18
140428 81820 18
140428 81821 18
140428 81822 18
140428 81823 18
140428 81824 18
140428 81825 18
140428 81826 18
140428 81827 18
140428 81828 18
140428 81829 18
140428 81830 18
140428 81831 18
140428 81832 18
140428 81833 18
140428 81834 18
140428 81835 18
140428 81836 18
140428 81837 18
140429 81746 18
140429 81747 18
140429 81748 18
140429 81749 18
140429 81750 18
140429 81751 18
140429 81752 18
140429 81753 18
140429 81754 18
140429 81755 18
140429 81756 18
140429 81757 18
140429 81758 18
140429 81759 18
140429 81760 18
140429 81761 18
140429 81762 18
140429 81763 18
140429 81764 18
140429 81765 18
140429 81766 18
140429 81767 18
140429 81768 18
140429 81769 18
140429 81770 18
140429 81771 18
140429 81772 18
140429 81773 18
140429 81774 18
140429 81775 18
140429 81776 18
140429 81777 18
140429 81778 18
140429 81779 18
140429 81780 18
140429 81781 18
140429 81782 18
140429 81783 18
140429 81784 18
140429 81785 18
140429 81786 18
140429 81787 18
140429 81788 18
140429 81789 18
140429 81790 18
140429 81791 18
140429 81792 18
140429 81793 18
140429 81794 18
140429 81795 18
140429 81796 18
140429 81797 18
140429 81798 18
140429 81799 18
140429 81800 18
140429 81801 18
140429 81802 18
140429 81803 18
140429 81804 18
140429 81805 18
140429 81806 18
140429 81807 18
140429 81808 18
140429 81809 18
140429 81810 18
140429 81811 18
140429 81812 18
140429 81813 18
140429 81814 18
140429 81815 18
140429 81816 18
140429 81817 18
140429 81818 18
140429 81819 18
140429 81820 18
140429 81821 18
140429 81822 18
140429 81823 18
140429 81824 18
140429 81825 18
140429 81826 18
140429 81827 18
140429 81828 18
140429 81829 18
140429 81830 18
140429 81831 18
140429 81832 18
140429 81833 18
140429 81834 18
140429 81835 18
140429 81836 18
140429 81837 18
140430 81746 18
140430 81747 18
140430 81748 18
140430 81749 18
140430 81750 18
140430 81751 18
140430 81752 18
140430 81753 18
140430 81754 18
140430 81755 18
140430 81756 18
140430 81757 18
140430 81758 18
140430 81759 18
140430 81760 18
140430 81761 18
140430 81762 18
140430 81763 18
140430 81764 18
140430 81765 18
140430 81766 18
140430 81767 18
140430 81768 18
140430 81769 18
140430 81770 18
140430 81771 18
140430 81772 18
140430 81773 18
140430 81774 18
140430 81775 18
140430 81776 18
140430 81777 18
140430 81778 18
140430 81779 18
140430 81780 18
140430 81781 18
140430 81782 18
140430 81783 18
140430 81784 18
140430 81785 18
140430 81786 18
140430 81787 18
140430 81788 18
140430 81789 18
140430 81790 18
140430 81791 18
140430 81792 18
140430 81793 18
140430 81794 18
140430 81795 18
140430 81796 18
140430 81797 18
140430 81798 18
140430 81799 18
140430 81800 18
140430 81801 18
140430 81802 18
140430 81803 18
140430 81804 18
140430 81805 18
140430 81806 18
140430 81807 18
140430 81808 18
140430 81809 18
140430 81810 18
140430 81811 18
140430 81812 18
140430 81813 18
140430 81814 18
140430 81815 18
140430 81816 18
140430 81817 18
140430 81818 18
140430 81819 18
140430 81820 18
140430 81821 18
140430 81822 18
140430 81823 18
140430 81824 18
140430 81825 18
140430 81826 18
140430 81827 18
140430 81828 18
140430 81829 18
140430 81830 18
140430 81831 18
140430 81832 18
140430 81833 18
140430 81834 18
140430 81835 18
140430 81836 18
140430 81837 18
140431 81746 18
140431 81747 18
140431 81748 18
140431 81749 18
140431 81750 18
140431 81751 18
140431 81752 18
140431 81753 18
140431 81754 18
140431 81755 18
140431 81756 18
140431 81757 18
140431 81758 18
140431 81759 18
140431 81760 18
140431 81761 18
140431 81762 18
140431 81763 18
140431 81764 18
140431 81765 18
140431 81766 18
140431 81767 18
140431 81768 18
140431 81769 18
140431 81770 18
140431 81771 18
140431 81772 18
140431 81773 18
140431 81774 18
140431 81775 18
140431 81776 18
140431 81777 18
140431 81778 18
140431 81779 18
140431 81780 18
140431 81781 18
140431 81782 18
140431 81783 18
140431 81784 18
140431 81785 18
140431 81786 18
140431 81787 18
140431 81788 18
140431 81789 18
140431 81790 18
140431 81791 18
140431 81792 18
140431 81793 18
140431 81794 18
140431 81795 18
140431 81796 18
140431 81797 18
140431 81798 18
140431 81799 18
140431 81800 18
140431 81801 18
140431 81802 18
140431 81803 18
140431 81804 18
140431 81805 18
140431 81806 18
140431 81807 18
140431 81808 18
140431 81809 18
140431 81810 18
140431 81811 18
140431 81812 18
140431 81813 18
140431 81814 18
140431 81815 18
140431 81816 18
140431 81817 18
140431 81818 18
140431 81819 18
140431 81820 18
140431 81821 18
140431 81822 18
140431 81823 18
140431 81824 18
140431 81825 18
140431 81826 18
140431 81827 18
140431 81828 18
140431 81829 18
140431 81830 18
140431 81831 18
140431 81832 18
140431 81833 18
140431 81834 18
140431 81835 18
140431 81836 18
140431 81837 18
140432 81746 18
140432 81747 18
140432 81748 18
140432 81749 18
140432 81750 18
140432 81751 18
140432 81752 18
140432 81753 18
140432 81754 18
140432 81755 18
140432 81756 18
140432 81757 18
140432 81758 18
140432 81759 18
140432 81760 18
140432 81761 18
140432 81762 18
140432 81763 18
140432 81764 18
140432 81765 18
140432 81766 18
140432 81767 18
140432 81768 18
140432 81769 18
140432 81770 18
140432 81771 18
140432 81772 18
140432 81773 18
140432 81774 18
140432 81775 18
140432 81776 18
140432 81777 18
140432 81778 18
140432 81779 18
140432 81780 18
140432 81781 18
140432 81782 18
140432 81783 18
140432 81784 18
140432 81785 18
140432 81786 18
140432 81787 18
140432 81788 18
140432 81789 18
140432 81790 18
140432 81791 18
140432 81792 18
140432 81793 18
140432 81794 18
140432 81795 18
140432 81796 18
140432 81797 18
140432 81798 18
140432 81799 18
140432 81800 18
140432 81801 18
140432 81802 18
140432 81803 18
140432 81804 18
140432 81805 18
140432 81806 18
140432 81807 18
140432 81808 18
140432 81809 18
140432 81810 18
140432 81811 18
140432 81812 18
140432 81813 18
140432 81814 18
140432 81815 18
140432 81816 18
140432 81817 18
140432 81818 18
140432 81819 18
140432 81820 18
140432 81821 18
140432 81822 18
140432 81823 18
140432 81824 18
140432 81825 18
140432 81826 18
140432 81827 18
140432 81828 18
140432 81829 18
140432 81830 18
140432 81831 18
140432 81832 18
140432 81833 18
140432 81834 18
140432 81835 18
140432 81836 18
140432 81837 18
140433 81746 18
140433 81747 18
140433 81748 18
140433 81749 18
140433 81750 18
140433 81751 18
140433 81752 18
140433 81753 18
140433 81754 18
140433 81755 18
140433 81756 18
140433 81757 18
140433 81758 18
140433 81759 18
140433 81760 18
140433 81761 18
140433 81762 18
140433 81763 18
140433 81764 18
140433 81765 18
140433 81766 18
140433 81767 18
140433 81768 18
140433 81769 18
140433 81770 18
140433 81771 18
140433 81772 18
140433 81773 18
140433 81774 18
140433 81775 18
140433 81776 18
140433 81777 18
140433 81778 18
140433 81779 18
140433 81780 18
140433 81781 18
140433 81782 18
140433 81783 18
140433 81784 18
140433 81785 18
140433 81786 18
140433 81787 18
140433 81788 18
140433 81789 18
140433 81790 18
140433 81791 18
140433 81792 18
140433 81793 18
140433 81794 18
140433 81795 18
140433 81796 18
140433 81797 18
140433 81798 18
140433 81799 18
140433 81800 18
140433 81801 18
140433 81802 18
140433 81803 18
140433 81804 18
140433 81805 18
140433 81806 18
140433 81807 18
140433 81808 18
140433 81809 18
140433 81810 18
140433 81811 18
140433 81812 18
140433 81813 18
140433 81814 18
140433 81815 18
140433 81816 18
140433 81817 18
140433 81818 18
140433 81819 18
140433 81820 18
140433 81821 18
140433 81822 18
140433 81823 18
140433 81824 18
140433 81825 18
140433 81826 18
140433 81827 18
140433 81828 18
140433 81829 18
140433 81830 18
140433 81831 18
140433 81832 18
140433 81833 18
140433 81834 18
140433 81835 18
140433 81836 18
140433 81837 18
140434 81746 18
140434 81747 18
140434 81748 18
140434 81749 18
140434 81750 18
140434 81751 18
140434 81752 18
140434 81753 18
140434 81754 18
140434 81755 18
140434 81756 18
140434 81757 18
140434 81758 18
140434 81759 18
140434 81760 18
140434 81761 18
140434 81762 18
140434 81763 18
140434 81764 18
140434 81765 18
140434 81766 18
140434 81767 18
140434 81768 18
140434 81769 18
140434 81770 18
140434 81771 18
140434 81772 18
140434 81773 18
140434 81774 18
140434 81775 18
140434 81776 18
140434 81777 18
140434 81778 18
140434 81779 18
140434 81780 18
140434 81781 18
140434 81782 18
140434 81783 18
140434 81784 18
140434 81785 18
140434 81786 18
140434 81787 18
140434 81788 18
140434 81789 18
140434 81790 18
140434 81791 18
140434 81792 18
140434 81793 18
140434 81794 18
140434 81795 18
140434 81796 18
140434 81797 18
140434 81798 18
140434 81799 18
140434 81800 18
140434 81801 18
140434 81802 18
140434 81803 18
140434 81804 18
140434 81805 18
140434 81806 18
140434 81807 18
140434 81808 18
140434 81809 18
140434 81810 18
140434 81811 18
140434 81812 18
140434 81813 18
140434 81814 18
140434 81815 18
140434 81816 18
140434 81817 18
140434 81818 18
140434 81819 18
140434 81820 18
140434 81821 18
140434 81822 18
140434 81823 18
140434 81824 18
140434 81825 18
140434 81826 18
140434 81827 18
140434 81828 18
140434 81829 18
140434 81830 18
140434 81831 18
140434 81832 18
140434 81833 18
140434 81834 18
140434 81835 18
140434 81836 18
140434 81837 18
140435 81746 18
140435 81747 18
140435 81748 18
140435 81749 18
140435 81750 18
140435 81751 18
140435 81752 18
140435 81753 18
140435 81754 18
140435 81755 18
140435 81756 18
140435 81757 18
140435 81758 18
140435 81759 18
140435 81760 18
140435 81761 18
140435 81762 18
140435 81763 18
140435 81764 18
140435 81765 18
140435 81766 18
140435 81767 18
140435 81768 18
140435 81769 18
140435 81770 18
140435 81771 18
140435 81772 18
140435 81773 18
140435 81774 18
140435 81775 18
140435 81776 18
140435 81777 18
140435 81778 18
140435 81779 18
140435 81780 18
140435 81781 18
140435 81782 18
140435 81783 18
140435 81784 18
140435 81785 18
140435 81786 18
140435 81787 18
140435 81788 18
140435 81789 18
140435 81790 18
140435 81791 18
140435 81792 18
140435 81793 18
140435 81794 18
140435 81795 18
140435 81796 18
140435 81797 18
140435 81798 18
140435 81799 18
140435 81800 18
140435 81801 18
140435 81802 18
140435 81803 18
140435 81804 18
140435 81805 18
140435 81806 18
140435 81807 18
140435 81808 18
140435 81809 18
140435 81810 18
140435 81811 18
140435 81812 18
140435 81813 18
140435 81814 18
140435 81815 18
140435 81816 18
140435 81817 18
140435 81818 18
140435 81819 18
140435 81820 18
140435 81821 18
140435 81822 18
140435 81823 18
140435 81824 18
140435 81825 18
140435 81826 18
140435 81827 18
140435 81828 18
140435 81829 18
140435 81830 18
140435 81831 18
140435 81832 18
140435 81833 18
140435 81834 18
140435 81835 18
140435 81836 18
140435 81837 18
140436 81746 18
140436 81747 18
140436 81748 18
140436 81749 18
140436 81750 18
140436 81751 18
140436 81752 18
140436 81753 18
140436 81754 18
140436 81755 18
140436 81756 18
140436 81757 18
140436 81758 18
140436 81759 18
140436 81760 18
140436 81761 18
140436 81762 18
140436 81763 18
140436 81764 18
140436 81765 18
140436 81766 18
140436 81767 18
140436 81768 18
140436 81769 18
140436 81770 18
140436 81771 18
140436 81772 18
140436 81773 18
140436 81774 18
140436 81775 18
140436 81776 18
140436 81777 18
140436 81778 18
140436 81779 18
140436 81780 18
140436 81781 18
140436 81782 18
140436 81783 18
140436 81784 18
140436 81785 18
140436 81786 18
140436 81787 18
140436 81788 18
140436 81789 18
140436 81790 18
140436 81791 18
140436 81792 18
140436 81793 18
140436 81794 18
140436 81795 18
140436 81796 18
140436 81797 18
140436 81798 18
140436 81799 18
140436 81800 18
140436 81801 18
140436 81802 18
140436 81803 18
140436 81804 18
140436 81805 18
140436 81806 18
140436 81807 18
140436 81808 18
140436 81809 18
140436 81810 18
140436 81811 18
140436 81812 18
140436 81813 18
140436 81814 18
140436 81815 18
140436 81816 18
140436 81817 18
140436 81818 18
140436 81819 18
140436 81820 18
140436 81821 18
140436 81822 18
140436 81823 18
140436 81824 18
140436 81825 18
140436 81826 18
140436 81827 18
140436 81828 18
140436 81829 18
140436 81830 18
140436 81831 18
140436 81832 18
140436 81833 18
140436 81834 18
140436 81835 18
140436 81836 18
140436 81837 18
