1 0 1
2 1 2
4 2 3
8 4 4
17 9 5
35 18 6
70 37 7
140 75 8
281 150 9
281 151 9
562 301 10
562 302 10
1124 603 11
1124 604 11
2248 1207 12
2248 1208 12
2249 1207 12
2249 1208 12
4496 2414 13
4496 2415 13
4496 2416 13
4497 2414 13
4497 2415 13
4497 2416 13
4498 2414 13
4498 2415 13
4498 2416 13
8992 4828 14
8992 4829 14
8992 4830 14
8992 4831 14
8992 4832 14
8993 4828 14
8993 4829 14
8993 4830 14
8993 4831 14
8993 4832 14
8994 4828 14
8994 4829 14
8994 4830 14
8994 4831 14
8994 4832 14
8995 4828 14
8995 4829 14
8995 4830 14
8995 4831 14
8995 4832 14
8996 4828 14
8996 4829 14
8996 4830 14
8996 4831 14
8996 4832 14
17984 9657 15
17984 9658 15
17984 9659 15
17984 9660 15
17984 9661 15
17984 9662 15
17984 9663 15
17984 9664 15
17984 9665 15
17985 9657 15
17985 9658 15
17985 9659 15
17985 9660 15
17985 9661 15
17985 9662 15
17985 9663 15
17985 9664 15
17985 9665 15
17986 9657 15
17986 9658 15
17986 9659 15
17986 9660 15
17986 9661 15
17986 9662 15
17986 9663 15
17986 9664 15
17986 9665 15
17987 9657 15
17987 9658 15
17987 9659 15
17987 9660 15
17987 9661 15
17987 9662 15
17987 9663 15
17987 9664 15
17987 9665 15
17988 9657 15
17988 9658 15
17988 9659 15
17988 9660 15
17988 9661 15
17988 9662 15
17988 9663 15
17988 9664 15
17988 9665 15
17989 9657 15
17989 9658 15
17989 9659 15
17989 9660 15
17989 9661 15
17989 9662 15
17989 9663 15
17989 9664 15
17989 9665 15
17990 9657 15
17990 9658 15
17990 9659 15
17990 9660 15
17990 9661 15
17990 9662 15
17990 9663 15
17990 9664 15
17990 9665 15
17991 9657 15
17991 9658 15
17991 9659 15
17991 9660 15
17991 9661 15
17991 9662 15
17991 9663 15
17991 9664 15
17991 9665 15
17992 9657 15
17992 9658 15
17992 9659 15
17992 9660 15
17992 9661 15
17992 9662 15
17992 9663 15
17992 9664 15
17992 9665 15
17993 9657 15
17993 9658 15
17993 9659 15
17993 9660 15
17993 9661 15
17993 9662 15
17993 9663 15
17993 9664 15
17993 9665 15
35968 19315 16
35968 19316 16
35968 19317 16
35968 19318 16
35968 19319 16
35968 19320 16
35968 19321 16
35968 19322 16
35968 19323 16
35968 19324 16
35968 19325 16
35968 19326 16
35968 19327 16
35968 19328 16
35968 19329 16
35968 19330 16
35969 19315 16
35969 19316 16
35969 19317 16
35969 19318 16
35969 19319 16
35969 19320 16
35969 19321 16
35969 19322 16
35969 19323 16
35969 19324 16
35969 19325 16
35969 19326 16
35969 19327 16
35969 19328 16
35969 19329 16
35969 19330 16
35970 19315 16
35970 19316 16
35970 19317 16
35970 19318 16
35970 19319 16
35970 19320 16
35970 19321 16
35970 19322 16
35970 19323 16
35970 19324 16
35970 19325 16
35970 19326 16
35970 19327 16
35970 19328 16
35970 19329 16
35970 19330 16
35971 19315 16
35971 19316 16
35971 19317 16
35971 19318 16
35971 19319 16
35971 19320 16
35971 19321 16
35971 19322 16
35971 19323 16
35971 19324 16
35971 19325 16
35971 19326 16
35971 19327 16
35971 19328 16
35971 19329 16
35971 19330 16
35972 19315 16
35972 19316 16
35972 19317 16
35972 19318 16
35972 19319 16
35972 19320 16
35972 19321 16
35972 19322 16
35972 19323 16
35972 19324 16
35972 19325 16
35972 19326 16
35972 19327 16
35972 19328 16
35972 19329 16
35972 19330 16
35973 19315 16
35973 19316 16
35973 19317 16
35973 19318 16
35973 19319 16
35973 19320 16
35973 19321 16
35973 19322 16
35973 19323 16
35973 19324 16
35973 19325 16
35973 19326 16
35973 19327 16
35973 19328 16
35973 19329 16
35973 19330 16
35974 19315 16
35974 19316 16
35974 19317 16
35974 19318 16
35974 19319 16
35974 19320 16
35974 19321 16
35974 19322 16
35974 19323 16
35974 19324 16
35974 19325 16
35974 19326 16
35974 19327 16
35974 19328 16
35974 19329 16
35974 19330 16
35975 19315 16
35975 19316 16
35975 19317 16
35975 19318 16
35975 19319 16
35975 19320 16
35975 19321 16
35975 19322 16
35975 19323 16
35975 19324 16
35975 19325 16
35975 19326 16
35975 19327 16
35975 19328 16
35975 19329 16
35975 19330 16
35976 19315 16
35976 19316 16
35976 19317 16
35976 19318 16
35976 19319 16
35976 19320 16
35976 19321 16
35976 19322 16
35976 19323 16
35976 19324 16
35976 19325 16
35976 19326 16
35976 19327 16
35976 19328 16
35976 19329 16
35976 19330 16
35977 19315 16
35977 19316 16
35977 19317 16
35977 19318 16
35977 19319 16
35977 19320 16
35977 19321 16
35977 19322 16
35977 19323 16
35977 19324 16
35977 19325 16
35977 19326 16
35977 19327 16
35977 19328 16
35977 19329 16
35977 19330 16
35978 19315 16
35978 19316 16
35978 19317 16
35978 19318 16
35978 19319 16
35978 19320 16
35978 19321 16
35978 19322 16
35978 19323 16
35978 19324 16
35978 19325 16
35978 19326 16
35978 19327 16
35978 19328 16
35978 19329 16
35978 19330 16
35979 19315 16
35979 19316 16
35979 19317 16
35979 19318 16
35979 19319 16
35979 19320 16
35979 19321 16
35979 19322 16
35979 19323 16
35979 19324 16
35979 19325 16
35979 19326 16
35979 19327 16
35979 19328 16
35979 19329 16
35979 19330 16
35980 19315 16
35980 19316 16
35980 19317 16
35980 19318 16
35980 19319 16
35980 19320 16
35980 19321 16
35980 19322 16
35980 19323 16
35980 19324 16
35980 19325 16
35980 19326 16
35980 19327 16
35980 19328 16
35980 19329 16
35980 19330 16
35981 19315 16
35981 19316 16
35981 19317 16
35981 19318 16
35981 19319 16
35981 19320 16
35981 19321 16
35981 19322 16
35981 19323 16
35981 19324 16
35981 19325 16
35981 19326 16
35981 19327 16
35981 19328 16
35981 19329 16
35981 19330 16
35982 19315 16
35982 19316 16
35982 19317 16
35982 19318 16
35982 19319 16
35982 19320 16
35982 19321 16
35982 19322 16
35982 19323 16
35982 19324 16
35982 19325 16
35982 19326 16
35982 19327 16
35982 19328 16
35982 19329 16
35982 19330 16
35983 19315 16
35983 19316 16
35983 19317 16
35983 19318 16
35983 19319 16
35983 19320 16
35983 19321 16
35983 19322 16
35983 19323 16
35983 19324 16
35983 19325 16
35983 19326 16
35983 19327 16
35983 19328 16
35983 19329 16
35983 19330 16
35984 19315 16
35984 19316 16
35984 19317 16
35984 19318 16
35984 19319 16
35984 19320 16
35984 19321 16
35984 19322 16
35984 19323 16
35984 19324 16
35984 19325 16
35984 19326 16
35984 19327 16
35984 19328 16
35984 19329 16
35984 19330 16
35985 19315 16
35985 19316 16
35985 19317 16
35985 19318 16
35985 19319 16
35985 19320 16
35985 19321 16
35985 19322 16
35985 19323 16
35985 19324 16
35985 19325 16
35985 19326 16
35985 19327 16
35985 19328 16
35985 19329 16
35985 19330 16
35986 19315 16
35986 19316 16
35986 19317 16
35986 19318 16
35986 19319 16
35986 19320 16
35986 19321 16
35986 19322 16
35986 19323 16
35986 19324 16
35986 19325 16
35986 19326 16
35986 19327 16
35986 19328 16
35986 19329 16
35986 19330 16
71936 38631 17
71936 38632 17
71936 38633 17
71936 38634 17
71936 38635 17
71936 38636 17
71936 38637 17
71936 38638 17
71936 38639 17
71936 38640 17
71936 38641 17
71936 38642 17
71936 38643 17
71936 38644 17
71936 38645 17
71936 38646 17
71936 38647 17
71936 38648 17
71936 38649 17
71936 38650 17
71936 38651 17
71936 38652 17
71936 38653 17
71936 38654 17
71936 38655 17
71936 38656 17
71936 38657 17
71936 38658 17
71936 38659 17
71936 38660 17
71937 38631 17
71937 38632 17
71937 38633 17
71937 38634 17
71937 38635 17
71937 38636 17
71937 38637 17
71937 38638 17
71937 38639 17
71937 38640 17
71937 38641 17
71937 38642 17
71937 38643 17
71937 38644 17
71937 38645 17
71937 38646 17
71937 38647 17
71937 38648 17
71937 38649 17
71937 38650 17
71937 38651 17
71937 38652 17
71937 38653 17
71937 38654 17
71937 38655 17
71937 38656 17
71937 38657 17
71937 38658 17
71937 38659 17
71937 38660 17
71938 38631 17
71938 38632 17
71938 38633 17
71938 38634 17
71938 38635 17
71938 38636 17
71938 38637 17
71938 38638 17
71938 38639 17
71938 38640 17
71938 38641 17
71938 38642 17
71938 38643 17
71938 38644 17
71938 38645 17
71938 38646 17
71938 38647 17
71938 38648 17
71938 38649 17
71938 38650 17
71938 38651 17
71938 38652 17
71938 38653 17
71938 38654 17
71938 38655 17
71938 38656 17
71938 38657 17
71938 38658 17
71938 38659 17
71938 38660 17
71939 38631 17
71939 38632 17
71939 38633 17
71939 38634 17
71939 38635 17
71939 38636 17
71939 38637 17
71939 38638 17
71939 38639 17
71939 38640 17
71939 38641 17
71939 38642 17
71939 38643 17
71939 38644 17
71939 38645 17
71939 38646 17
71939 38647 17
71939 38648 17
71939 38649 17
71939 38650 17
71939 38651 17
71939 38652 17
71939 38653 17
71939 38654 17
71939 38655 17
71939 38656 17
71939 38657 17
71939 38658 17
71939 38659 17
71939 38660 17
71940 38631 17
71940 38632 17
71940 38633 17
71940 38634 17
71940 38635 17
71940 38636 17
71940 38637 17
71940 38638 17
71940 38639 17
71940 38640 17
71940 38641 17
71940 38642 17
71940 38643 17
71940 38644 17
71940 38645 17
71940 38646 17
71940 38647 17
71940 38648 17
71940 38649 17
71940 38650 17
71940 38651 17
71940 38652 17
71940 38653 17
71940 38654 17
71940 38655 17
71940 38656 17
71940 38657 17
71940 38658 17
71940 38659 17
71940 38660 17
71941 38631 17
71941 38632 17
71941 38633 17
71941 38634 17
71941 38635 17
71941 38636 17
71941 38637 17
71941 38638 17
71941 38639 17
71941 38640 17
71941 38641 17
71941 38642 17
71941 38643 17
71941 38644 17
71941 38645 17
71941 38646 17
71941 38647 17
71941 38648 17
71941 38649 17
71941 38650 17
71941 38651 17
71941 38652 17
71941 38653 17
71941 38654 17
71941 38655 17
71941 38656 17
71941 38657 17
71941 38658 17
71941 38659 17
71941 38660 17
71942 38631 17
71942 38632 17
71942 38633 17
71942 38634 17
71942 38635 17
71942 38636 17
71942 38637 17
71942 38638 17
71942 38639 17
71942 38640 17
71942 38641 17
71942 38642 17
71942 38643 17
71942 38644 17
71942 38645 17
71942 38646 17
71942 38647 17
71942 38648 17
71942 38649 17
71942 38650 17
71942 38651 17
71942 38652 17
71942 38653 17
71942 38654 17
71942 38655 17
71942 38656 17
71942 38657 17
71942 38658 17
71942 38659 17
71942 38660 17
71943 38631 17
71943 38632 17
71943 38633 17
71943 38634 17
71943 38635 17
71943 38636 17
71943 38637 17
71943 38638 17
71943 38639 17
71943 38640 17
71943 38641 17
71943 38642 17
71943 38643 17
71943 38644 17
71943 38645 17
71943 38646 17
71943 38647 17
71943 38648 17
71943 38649 17
71943 38650 17
71943 38651 17
71943 38652 17
71943 38653 17
71943 38654 17
71943 38655 17
71943 38656 17
71943 38657 17
71943 38658 17
71943 38659 17
71943 38660 17
71944 38631 17
71944 38632 17
71944 38633 17
71944 38634 17
71944 38635 17
71944 38636 17
71944 38637 17
71944 38638 17
71944 38639 17
71944 38640 17
71944 38641 17
71944 38642 17
71944 38643 17
71944 38644 17
71944 38645 17
71944 38646 17
71944 38647 17
71944 38648 17
71944 38649 17
71944 38650 17
71944 38651 17
71944 38652 17
71944 38653 17
71944 38654 17
71944 38655 17
71944 38656 17
71944 38657 17
71944 38658 17
71944 38659 17
71944 38660 17
71945 38631 17
71945 38632 17
71945 38633 17
71945 38634 17
71945 38635 17
71945 38636 17
71945 38637 17
71945 38638 17
71945 38639 17
71945 38640 17
71945 38641 17
71945 38642 17
71945 38643 17
71945 38644 17
71945 38645 17
71945 38646 17
71945 38647 17
71945 38648 17
71945 38649 17
71945 38650 17
71945 38651 17
71945 38652 17
71945 38653 17
71945 38654 17
71945 38655 17
71945 38656 17
71945 38657 17
71945 38658 17
71945 38659 17
71945 38660 17
71946 38631 17
71946 38632 17
71946 38633 17
71946 38634 17
71946 38635 17
71946 38636 17
71946 38637 17
71946 38638 17
71946 38639 17
71946 38640 17
71946 38641 17
71946 38642 17
71946 38643 17
71946 38644 17
71946 38645 17
71946 38646 17
71946 38647 17
71946 38648 17
71946 38649 17
71946 38650 17
71946 38651 17
71946 38652 17
71946 38653 17
71946 38654 17
71946 38655 17
71946 38656 17
71946 38657 17
71946 38658 17
71946 38659 17
71946 38660 17
71947 38631 17
71947 38632 17
71947 38633 17
71947 38634 17
71947 38635 17
71947 38636 17
71947 38637 17
71947 38638 17
71947 38639 17
71947 38640 17
71947 38641 17
71947 38642 17
71947 38643 17
71947 38644 17
71947 38645 17
71947 38646 17
71947 38647 17
71947 38648 17
71947 38649 17
71947 38650 17
71947 38651 17
71947 38652 17
71947 38653 17
71947 38654 17
71947 38655 17
71947 38656 17
71947 38657 17
71947 38658 17
71947 38659 17
71947 38660 17
71948 38631 17
71948 38632 17
71948 38633 17
71948 38634 17
71948 38635 17
71948 38636 17
71948 38637 17
71948 38638 17
71948 38639 17
71948 38640 17
71948 38641 17
71948 38642 17
71948 38643 17
71948 38644 17
71948 38645 17
71948 38646 17
71948 38647 17
71948 38648 17
71948 38649 17
71948 38650 17
71948 38651 17
71948 38652 17
71948 38653 17
71948 38654 17
71948 38655 17
71948 38656 17
71948 38657 17
71948 38658 17
71948 38659 17
71948 38660 17
71949 38631 17
71949 38632 17
71949 38633 17
71949 38634 17
71949 38635 17
71949 38636 17
71949 38637 17
71949 38638 17
71949 38639 17
71949 38640 17
71949 38641 17
71949 38642 17
71949 38643 17
71949 38644 17
71949 38645 17
71949 38646 17
71949 38647 17
71949 38648 17
71949 38649 17
71949 38650 17
71949 38651 17
71949 38652 17
71949 38653 17
71949 38654 17
71949 38655 17
71949 38656 17
71949 38657 17
71949 38658 17
71949 38659 17
71949 38660 17
71950 38631 17
71950 38632 17
71950 38633 17
71950 38634 17
71950 38635 17
71950 38636 17
71950 38637 17
71950 38638 17
71950 38639 17
71950 38640 17
71950 38641 17
71950 38642 17
71950 38643 17
71950 38644 17
71950 38645 17
71950 38646 17
71950 38647 17
71950 38648 17
71950 38649 17
71950 38650 17
71950 38651 17
71950 38652 17
71950 38653 17
71950 38654 17
71950 38655 17
71950 38656 17
71950 38657 17
71950 38658 17
71950 38659 17
71950 38660 17
71951 38631 17
71951 38632 17
71951 38633 17
71951 38634 17
71951 38635 17
71951 38636 17
71951 38637 17
71951 38638 17
71951 38639 17
71951 38640 17
71951 38641 17
71951 38642 17
71951 38643 17
71951 38644 17
71951 38645 17
71951 38646 17
71951 38647 17
71951 38648 17
71951 38649 17
71951 38650 17
71951 38651 17
71951 38652 17
71951 38653 17
71951 38654 17
71951 38655 17
71951 38656 17
71951 38657 17
71951 38658 17
71951 38659 17
71951 38660 17
71952 38631 17
71952 38632 17
71952 38633 17
71952 38634 17
71952 38635 17
71952 38636 17
71952 38637 17
71952 38638 17
71952 38639 17
71952 38640 17
71952 38641 17
71952 38642 17
71952 38643 17
71952 38644 17
71952 38645 17
71952 38646 17
71952 38647 17
71952 38648 17
71952 38649 17
71952 38650 17
71952 38651 17
71952 38652 17
71952 38653 17
71952 38654 17
71952 38655 17
71952 38656 17
71952 38657 17
71952 38658 17
71952 38659 17
71952 38660 17
71953 38631 17
71953 38632 17
71953 38633 17
71953 38634 17
71953 38635 17
71953 38636 17
71953 38637 17
71953 38638 17
71953 38639 17
71953 38640 17
71953 38641 17
71953 38642 17
71953 38643 17
71953 38644 17
71953 38645 17
71953 38646 17
71953 38647 17
71953 38648 17
71953 38649 17
71953 38650 17
71953 38651 17
71953 38652 17
71953 38653 17
71953 38654 17
71953 38655 17
71953 38656 17
71953 38657 17
71953 38658 17
71953 38659 17
71953 38660 17
71954 38631 17
71954 38632 17
71954 38633 17
71954 38634 17
71954 38635 17
71954 38636 17
71954 38637 17
71954 38638 17
71954 38639 17
71954 38640 17
71954 38641 17
71954 38642 17
71954 38643 17
71954 38644 17
71954 38645 17
71954 38646 17
71954 38647 17
71954 38648 17
71954 38649 17
71954 38650 17
71954 38651 17
71954 38652 17
71954 38653 17
71954 38654 17
71954 38655 17
71954 38656 17
71954 38657 17
71954 38658 17
71954 38659 17
71954 38660 17
71955 38631 17
71955 38632 17
71955 38633 17
71955 38634 17
71955 38635 17
71955 38636 17
71955 38637 17
71955 38638 17
71955 38639 17
71955 38640 17
71955 38641 17
71955 38642 17
71955 38643 17
71955 38644 17
71955 38645 17
71955 38646 17
71955 38647 17
71955 38648 17
71955 38649 17
71955 38650 17
71955 38651 17
71955 38652 17
71955 38653 17
71955 38654 17
71955 38655 17
71955 38656 17
71955 38657 17
71955 38658 17
71955 38659 17
71955 38660 17
71956 38631 17
71956 38632 17
71956 38633 17
71956 38634 17
71956 38635 17
71956 38636 17
71956 38637 17
71956 38638 17
71956 38639 17
71956 38640 17
71956 38641 17
71956 38642 17
71956 38643 17
71956 38644 17
71956 38645 17
71956 38646 17
71956 38647 17
71956 38648 17
71956 38649 17
71956 38650 17
71956 38651 17
71956 38652 17
71956 38653 17
71956 38654 17
71956 38655 17
71956 38656 17
71956 38657 17
71956 38658 17
71956 38659 17
71956 38660 17
71957 38631 17
71957 38632 17
71957 38633 17
71957 38634 17
71957 38635 17
71957 38636 17
71957 38637 17
71957 38638 17
71957 38639 17
71957 38640 17
71957 38641 17
71957 38642 17
71957 38643 17
71957 38644 17
71957 38645 17
71957 38646 17
71957 38647 17
71957 38648 17
71957 38649 17
71957 38650 17
71957 38651 17
71957 38652 17
71957 38653 17
71957 38654 17
71957 38655 17
71957 38656 17
71957 38657 17
71957 38658 17
71957 38659 17
71957 38660 17
71958 38631 17
71958 38632 17
71958 38633 17
71958 38634 17
71958 38635 17
71958 38636 17
71958 38637 17
71958 38638 17
71958 38639 17
71958 38640 17
71958 38641 17
71958 38642 17
71958 38643 17
71958 38644 17
71958 38645 17
71958 38646 17
71958 38647 17
71958 38648 17
71958 38649 17
71958 38650 17
71958 38651 17
71958 38652 17
71958 38653 17
71958 38654 17
71958 38655 17
71958 38656 17
71958 38657 17
71958 38658 17
71958 38659 17
71958 38660 17
71959 38631 17
71959 38632 17
71959 38633 17
71959 38634 17
71959 38635 17
71959 38636 17
71959 38637 17
71959 38638 17
71959 38639 17
71959 38640 17
71959 38641 17
71959 38642 17
71959 38643 17
71959 38644 17
71959 38645 17
71959 38646 17
71959 38647 17
71959 38648 17
71959 38649 17
71959 38650 17
71959 38651 17
71959 38652 17
71959 38653 17
71959 38654 17
71959 38655 17
71959 38656 17
71959 38657 17
71959 38658 17
71959 38659 17
71959 38660 17
71960 38631 17
71960 38632 17
71960 38633 17
71960 38634 17
71960 38635 17
71960 38636 17
71960 38637 17
71960 38638 17
71960 38639 17
71960 38640 17
71960 38641 17
71960 38642 17
71960 38643 17
71960 38644 17
71960 38645 17
71960 38646 17
71960 38647 17
71960 38648 17
71960 38649 17
71960 38650 17
71960 38651 17
71960 38652 17
71960 38653 17
71960 38654 17
71960 38655 17
71960 38656 17
71960 38657 17
71960 38658 17
71960 38659 17
71960 38660 17
71961 38631 17
71961 38632 17
71961 38633 17
71961 38634 17
71961 38635 17
71961 38636 17
71961 38637 17
71961 38638 17
71961 38639 17
71961 38640 17
71961 38641 17
71961 38642 17
71961 38643 17
71961 38644 17
71961 38645 17
71961 38646 17
71961 38647 17
71961 38648 17
71961 38649 17
71961 38650 17
71961 38651 17
71961 38652 17
71961 38653 17
71961 38654 17
71961 38655 17
71961 38656 17
71961 38657 17
71961 38658 17
71961 38659 17
71961 38660 17
71962 38631 17
71962 38632 17
71962 38633 17
71962 38634 17
71962 38635 17
71962 38636 17
71962 38637 17
71962 38638 17
71962 38639 17
71962 38640 17
71962 38641 17
71962 38642 17
71962 38643 17
71962 38644 17
71962 38645 17
71962 38646 17
71962 38647 17
71962 38648 17
71962 38649 17
71962 38650 17
71962 38651 17
71962 38652 17
71962 38653 17
71962 38654 17
71962 38655 17
71962 38656 17
71962 38657 17
71962 38658 17
71962 38659 17
71962 38660 17
71963 38631 17
71963 38632 17
71963 38633 17
71963 38634 17
71963 38635 17
71963 38636 17
71963 38637 17
71963 38638 17
71963 38639 17
71963 38640 17
71963 38641 17
71963 38642 17
71963 38643 17
71963 38644 17
71963 38645 17
71963 38646 17
71963 38647 17
71963 38648 17
71963 38649 17
71963 38650 17
71963 38651 17
71963 38652 17
71963 38653 17
71963 38654 17
71963 38655 17
71963 38656 17
71963 38657 17
71963 38658 17
71963 38659 17
71963 38660 17
71964 38631 17
71964 38632 17
71964 38633 17
71964 38634 17
71964 38635 17
71964 38636 17
71964 38637 17
71964 38638 17
71964 38639 17
71964 38640 17
71964 38641 17
71964 38642 17
71964 38643 17
71964 38644 17
71964 38645 17
71964 38646 17
71964 38647 17
71964 38648 17
71964 38649 17
71964 38650 17
71964 38651 17
71964 38652 17
71964 38653 17
71964 38654 17
71964 38655 17
71964 38656 17
71964 38657 17
71964 38658 17
71964 38659 17
71964 38660 17
71965 38631 17
71965 38632 17
71965 38633 17
71965 38634 17
71965 38635 17
71965 38636 17
71965 38637 17
71965 38638 17
71965 38639 17
71965 38640 17
71965 38641 17
71965 38642 17
71965 38643 17
71965 38644 17
71965 38645 17
71965 38646 17
71965 38647 17
71965 38648 17
71965 38649 17
71965 38650 17
71965 38651 17
71965 38652 17
71965 38653 17
71965 38654 17
71965 38655 17
71965 38656 17
71965 38657 17
71965 38658 17
71965 38659 17
71965 38660 17
71966 38631 17
71966 38632 17
71966 38633 17
71966 38634 17
71966 38635 17
71966 38636 17
71966 38637 17
71966 38638 17
71966 38639 17
71966 38640 17
71966 38641 17
71966 38642 17
71966 38643 17
71966 38644 17
71966 38645 17
71966 38646 17
71966 38647 17
71966 38648 17
71966 38649 17
71966 38650 17
71966 38651 17
71966 38652 17
71966 38653 17
71966 38654 17
71966 38655 17
71966 38656 17
71966 38657 17
71966 38658 17
71966 38659 17
71966 38660 17
71967 38631 17
71967 38632 17
71967 38633 17
71967 38634 17
71967 38635 17
71967 38636 17
71967 38637 17
71967 38638 17
71967 38639 17
71967 38640 17
71967 38641 17
71967 38642 17
71967 38643 17
71967 38644 17
71967 38645 17
71967 38646 17
71967 38647 17
71967 38648 17
71967 38649 17
71967 38650 17
71967 38651 17
71967 38652 17
71967 38653 17
71967 38654 17
71967 38655 17
71967 38656 17
71967 38657 17
71967 38658 17
71967 38659 17
71967 38660 17
71968 38631 17
71968 38632 17
71968 38633 17
71968 38634 17
71968 38635 17
71968 38636 17
71968 38637 17
71968 38638 17
71968 38639 17
71968 38640 17
71968 38641 17
71968 38642 17
71968 38643 17
71968 38644 17
71968 38645 17
71968 38646 17
71968 38647 17
71968 38648 17
71968 38649 17
71968 38650 17
71968 38651 17
71968 38652 17
71968 38653 17
71968 38654 17
71968 38655 17
71968 38656 17
71968 38657 17
71968 38658 17
71968 38659 17
71968 38660 17
71969 38631 17
71969 38632 17
71969 38633 17
71969 38634 17
71969 38635 17
71969 38636 17
71969 38637 17
71969 38638 17
71969 38639 17
71969 38640 17
71969 38641 17
71969 38642 17
71969 38643 17
71969 38644 17
71969 38645 17
71969 38646 17
71969 38647 17
71969 38648 17
71969 38649 17
71969 38650 17
71969 38651 17
71969 38652 17
71969 38653 17
71969 38654 17
71969 38655 17
71969 38656 17
71969 38657 17
71969 38658 17
71969 38659 17
71969 38660 17
71970 38631 17
71970 38632 17
71970 38633 17
71970 38634 17
71970 38635 17
71970 38636 17
71970 38637 17
71970 38638 17
71970 38639 17
71970 38640 17
71970 38641 17
71970 38642 17
71970 38643 17
71970 38644 17
71970 38645 17
71970 38646 17
71970 38647 17
71970 38648 17
71970 38649 17
71970 38650 17
71970 38651 17
71970 38652 17
71970 38653 17
71970 38654 17
71970 38655 17
71970 38656 17
71970 38657 17
71970 38658 17
71970 38659 17
71970 38660 17
71971 38631 17
71971 38632 17
71971 38633 17
71971 38634 17
71971 38635 17
71971 38636 17
71971 38637 17
71971 38638 17
71971 38639 17
71971 38640 17
71971 38641 17
71971 38642 17
71971 38643 17
71971 38644 17
71971 38645 17
71971 38646 17
71971 38647 17
71971 38648 17
71971 38649 17
71971 38650 17
71971 38651 17
71971 38652 17
71971 38653 17
71971 38654 17
71971 38655 17
71971 38656 17
71971 38657 17
71971 38658 17
71971 38659 17
71971 38660 17
71972 38631 17
71972 38632 17
71972 38633 17
71972 38634 17
71972 38635 17
71972 38636 17
71972 38637 17
71972 38638 17
71972 38639 17
71972 38640 17
71972 38641 17
71972 38642 17
71972 38643 17
71972 38644 17
71972 38645 17
71972 38646 17
71972 38647 17
71972 38648 17
71972 38649 17
71972 38650 17
71972 38651 17
71972 38652 17
71972 38653 17
71972 38654 17
71972 38655 17
71972 38656 17
71972 38657 17
71972 38658 17
71972 38659 17
71972 38660 17
71973 38631 17
71973 38632 17
71973 38633 17
71973 38634 17
71973 38635 17
71973 38636 17
71973 38637 17
71973 38638 17
71973 38639 17
71973 38640 17
71973 38641 17
71973 38642 17
71973 38643 17
71973 38644 17
71973 38645 17
71973 38646 17
71973 38647 17
71973 38648 17
71973 38649 17
71973 38650 17
71973 38651 17
71973 38652 17
71973 38653 17
71973 38654 17
71973 38655 17
71973 38656 17
71973 38657 17
71973 38658 17
71973 38659 17
71973 38660 17
143873 77263 18
143873 77264 18
143873 77265 18
143873 77266 18
143873 77267 18
143873 77268 18
143873 77269 18
143873 77270 18
143873 77271 18
143873 77272 18
143873 77273 18
143873 77274 18
143873 77275 18
143873 77276 18
143873 77277 18
143873 77278 18
143873 77279 18
143873 77280 18
143873 77281 18
143873 77282 18
143873 77283 18
143873 77284 18
143873 77285 18
143873 77286 18
143873 77287 18
143873 77288 18
143873 77289 18
143873 77290 18
143873 77291 18
143873 77292 18
143873 77293 18
143873 77294 18
143873 77295 18
143873 77296 18
143873 77297 18
143873 77298 18
143873 77299 18
143873 77300 18
143873 77301 18
143873 77302 18
143873 77303 18
143873 77304 18
143873 77305 18
143873 77306 18
143873 77307 18
143873 77308 18
143873 77309 18
143873 77310 18
143873 77311 18
143873 77312 18
143873 77313 18
143873 77314 18
143873 77315 18
143873 77316 18
143873 77317 18
143873 77318 18
143873 77319 18
143873 77320 18
143874 77263 18
143874 77264 18
143874 77265 18
143874 77266 18
143874 77267 18
143874 77268 18
143874 77269 18
143874 77270 18
143874 77271 18
143874 77272 18
143874 77273 18
143874 77274 18
143874 77275 18
143874 77276 18
143874 77277 18
143874 77278 18
143874 77279 18
143874 77280 18
143874 77281 18
143874 77282 18
143874 77283 18
143874 77284 18
143874 77285 18
143874 77286 18
143874 77287 18
143874 77288 18
143874 77289 18
143874 77290 18
143874 77291 18
143874 77292 18
143874 77293 18
143874 77294 18
143874 77295 18
143874 77296 18
143874 77297 18
143874 77298 18
143874 77299 18
143874 77300 18
143874 77301 18
143874 77302 18
143874 77303 18
143874 77304 18
143874 77305 18
143874 77306 18
143874 77307 18
143874 77308 18
143874 77309 18
143874 77310 18
143874 77311 18
143874 77312 18
143874 77313 18
143874 77314 18
143874 77315 18
143874 77316 18
143874 77317 18
143874 77318 18
143874 77319 18
143874 77320 18
143875 77263 18
143875 77264 18
143875 77265 18
143875 77266 18
143875 77267 18
143875 77268 18
143875 77269 18
143875 77270 18
143875 77271 18
143875 77272 18
143875 77273 18
143875 77274 18
143875 77275 18
143875 77276 18
143875 77277 18
143875 77278 18
143875 77279 18
143875 77280 18
143875 77281 18
143875 77282 18
143875 77283 18
143875 77284 18
143875 77285 18
143875 77286 18
143875 77287 18
143875 77288 18
143875 77289 18
143875 77290 18
143875 77291 18
143875 77292 18
143875 77293 18
143875 77294 18
143875 77295 18
143875 77296 18
143875 77297 18
143875 77298 18
143875 77299 18
143875 77300 18
143875 77301 18
143875 77302 18
143875 77303 18
143875 77304 18
143875 77305 18
143875 77306 18
143875 77307 18
143875 77308 18
143875 77309 18
143875 77310 18
143875 77311 18
143875 77312 18
143875 77313 18
143875 77314 18
143875 77315 18
143875 77316 18
143875 77317 18
143875 77318 18
143875 77319 18
143875 77320 18
143876 77263 18
143876 77264 18
143876 77265 18
143876 77266 18
143876 77267 18
143876 77268 18
143876 77269 18
143876 77270 18
143876 77271 18
143876 77272 18
143876 77273 18
143876 77274 18
143876 77275 18
143876 77276 18
143876 77277 18
143876 77278 18
143876 77279 18
143876 77280 18
143876 77281 18
143876 77282 18
143876 77283 18
143876 77284 18
143876 77285 18
143876 77286 18
143876 77287 18
143876 77288 18
143876 77289 18
143876 77290 18
143876 77291 18
143876 77292 18
143876 77293 18
143876 77294 18
143876 77295 18
143876 77296 18
143876 77297 18
143876 77298 18
143876 77299 18
143876 77300 18
143876 77301 18
143876 77302 18
143876 77303 18
143876 77304 18
143876 77305 18
143876 77306 18
143876 77307 18
143876 77308 18
143876 77309 18
143876 77310 18
143876 77311 18
143876 77312 18
143876 77313 18
143876 77314 18
143876 77315 18
143876 77316 18
143876 77317 18
143876 77318 18
143876 77319 18
143876 77320 18
143877 77263 18
143877 77264 18
143877 77265 18
143877 77266 18
143877 77267 18
143877 77268 18
143877 77269 18
143877 77270 18
143877 77271 18
143877 77272 18
143877 77273 18
143877 77274 18
143877 77275 18
143877 77276 18
143877 77277 18
143877 77278 18
143877 77279 18
143877 77280 18
143877 77281 18
143877 77282 18
143877 77283 18
143877 77284 18
143877 77285 18
143877 77286 18
143877 77287 18
143877 77288 18
143877 77289 18
143877 77290 18
143877 77291 18
143877 77292 18
143877 77293 18
143877 77294 18
143877 77295 18
143877 77296 18
143877 77297 18
143877 77298 18
143877 77299 18
143877 77300 18
143877 77301 18
143877 77302 18
143877 77303 18
143877 77304 18
143877 77305 18
143877 77306 18
143877 77307 18
143877 77308 18
143877 77309 18
143877 77310 18
143877 77311 18
143877 77312 18
143877 77313 18
143877 77314 18
143877 77315 18
143877 77316 18
143877 77317 18
143877 77318 18
143877 77319 18
143877 77320 18
143878 77263 18
143878 77264 18
143878 77265 18
143878 77266 18
143878 77267 18
143878 77268 18
143878 77269 18
143878 77270 18
143878 77271 18
143878 77272 18
143878 77273 18
143878 77274 18
143878 77275 18
143878 77276 18
143878 77277 18
143878 77278 18
143878 77279 18
143878 77280 18
143878 77281 18
143878 77282 18
143878 77283 18
143878 77284 18
143878 77285 18
143878 77286 18
143878 77287 18
143878 77288 18
143878 77289 18
143878 77290 18
143878 77291 18
143878 77292 18
143878 77293 18
143878 77294 18
143878 77295 18
143878 77296 18
143878 77297 18
143878 77298 18
143878 77299 18
143878 77300 18
143878 77301 18
143878 77302 18
143878 77303 18
143878 77304 18
143878 77305 18
143878 77306 18
143878 77307 18
143878 77308 18
143878 77309 18
143878 77310 18
143878 77311 18
143878 77312 18
143878 77313 18
143878 77314 18
143878 77315 18
143878 77316 18
143878 77317 18
143878 77318 18
143878 77319 18
143878 77320 18
143879 77263 18
143879 77264 18
143879 77265 18
143879 77266 18
143879 77267 18
143879 77268 18
143879 77269 18
143879 77270 18
143879 77271 18
143879 77272 18
143879 77273 18
143879 77274 18
143879 77275 18
143879 77276 18
143879 77277 18
143879 77278 18
143879 77279 18
143879 77280 18
143879 77281 18
143879 77282 18
143879 77283 18
143879 77284 18
143879 77285 18
143879 77286 18
143879 77287 18
143879 77288 18
143879 77289 18
143879 77290 18
143879 77291 18
143879 77292 18
143879 77293 18
143879 77294 18
143879 77295 18
143879 77296 18
143879 77297 18
143879 77298 18
143879 77299 18
143879 77300 18
143879 77301 18
143879 77302 18
143879 77303 18
143879 77304 18
143879 77305 18
143879 77306 18
143879 77307 18
143879 77308 18
143879 77309 18
143879 77310 18
143879 77311 18
143879 77312 18
143879 77313 18
143879 77314 18
143879 77315 18
143879 77316 18
143879 77317 18
143879 77318 18
143879 77319 18
143879 77320 18
143880 77263 18
143880 77264 18
143880 77265 18
143880 77266 18
143880 77267 18
143880 77268 18
143880 77269 18
143880 77270 18
143880 77271 18
143880 77272 18
143880 77273 18
143880 77274 18
143880 77275 18
143880 77276 18
143880 77277 18
143880 77278 18
143880 77279 18
143880 77280 18
143880 77281 18
143880 77282 18
143880 77283 18
143880 77284 18
143880 77285 18
143880 77286 18
143880 77287 18
143880 77288 18
143880 77289 18
143880 77290 18
143880 77291 18
143880 77292 18
143880 77293 18
143880 77294 18
143880 77295 18
143880 77296 18
143880 77297 18
143880 77298 18
143880 77299 18
143880 77300 18
143880 77301 18
143880 77302 18
143880 77303 18
143880 77304 18
143880 77305 18
143880 77306 18
143880 77307 18
143880 77308 18
143880 77309 18
143880 77310 18
143880 77311 18
143880 77312 18
143880 77313 18
143880 77314 18
143880 77315 18
143880 77316 18
143880 77317 18
143880 77318 18
143880 77319 18
143880 77320 18
143881 77263 18
143881 77264 18
143881 77265 18
143881 77266 18
143881 77267 18
143881 77268 18
143881 77269 18
143881 77270 18
143881 77271 18
143881 77272 18
143881 77273 18
143881 77274 18
143881 77275 18
143881 77276 18
143881 77277 18
143881 77278 18
143881 77279 18
143881 77280 18
143881 77281 18
143881 77282 18
143881 77283 18
143881 77284 18
143881 77285 18
143881 77286 18
143881 77287 18
143881 77288 18
143881 77289 18
143881 77290 18
143881 77291 18
143881 77292 18
143881 77293 18
143881 77294 18
143881 77295 18
143881 77296 18
143881 77297 18
143881 77298 18
143881 77299 18
143881 77300 18
143881 77301 18
143881 77302 18
143881 77303 18
143881 77304 18
143881 77305 18
143881 77306 18
143881 77307 18
143881 77308 18
143881 77309 18
143881 77310 18
143881 77311 18
143881 77312 18
143881 77313 18
143881 77314 18
143881 77315 18
143881 77316 18
143881 77317 18
143881 77318 18
143881 77319 18
143881 77320 18
143882 77263 18
143882 77264 18
143882 77265 18
143882 77266 18
143882 77267 18
143882 77268 18
143882 77269 18
143882 77270 18
143882 77271 18
143882 77272 18
143882 77273 18
143882 77274 18
143882 77275 18
143882 77276 18
143882 77277 18
143882 77278 18
143882 77279 18
143882 77280 18
143882 77281 18
143882 77282 18
143882 77283 18
143882 77284 18
143882 77285 18
143882 77286 18
143882 77287 18
143882 77288 18
143882 77289 18
143882 77290 18
143882 77291 18
143882 77292 18
143882 77293 18
143882 77294 18
143882 77295 18
143882 77296 18
143882 77297 18
143882 77298 18
143882 77299 18
143882 77300 18
143882 77301 18
143882 77302 18
143882 77303 18
143882 77304 18
143882 77305 18
143882 77306 18
143882 77307 18
143882 77308 18
143882 77309 18
143882 77310 18
143882 77311 18
143882 77312 18
143882 77313 18
143882 77314 18
143882 77315 18
143882 77316 18
143882 77317 18
143882 77318 18
143882 77319 18
143882 77320 18
143883 77263 18
143883 77264 18
143883 77265 18
143883 77266 18
143883 77267 18
143883 77268 18
143883 77269 18
143883 77270 18
143883 77271 18
143883 77272 18
143883 77273 18
143883 77274 18
143883 77275 18
143883 77276 18
143883 77277 18
143883 77278 18
143883 77279 18
143883 77280 18
143883 77281 18
143883 77282 18
143883 77283 18
143883 77284 18
143883 77285 18
143883 77286 18
143883 77287 18
143883 77288 18
143883 77289 18
143883 77290 18
143883 77291 18
143883 77292 18
143883 77293 18
143883 77294 18
143883 77295 18
143883 77296 18
143883 77297 18
143883 77298 18
143883 77299 18
143883 77300 18
143883 77301 18
143883 77302 18
143883 77303 18
143883 77304 18
143883 77305 18
143883 77306 18
143883 77307 18
143883 77308 18
143883 77309 18
143883 77310 18
143883 77311 18
143883 77312 18
143883 77313 18
143883 77314 18
143883 77315 18
143883 77316 18
143883 77317 18
143883 77318 18
143883 77319 18
143883 77320 18
143884 77263 18
143884 77264 18
143884 77265 18
143884 77266 18
143884 77267 18
143884 77268 18
143884 77269 18
143884 77270 18
143884 77271 18
143884 77272 18
143884 77273 18
143884 77274 18
143884 77275 18
143884 77276 18
143884 77277 18
143884 77278 18
143884 77279 18
143884 77280 18
143884 77281 18
143884 77282 18
143884 77283 18
143884 77284 18
143884 77285 18
143884 77286 18
143884 77287 18
143884 77288 18
143884 77289 18
143884 77290 18
143884 77291 18
143884 77292 18
143884 77293 18
143884 77294 18
143884 77295 18
143884 77296 18
143884 77297 18
143884 77298 18
143884 77299 18
143884 77300 18
143884 77301 18
143884 77302 18
143884 77303 18
143884 77304 18
143884 77305 18
143884 77306 18
143884 77307 18
143884 77308 18
143884 77309 18
143884 77310 18
143884 77311 18
143884 77312 18
143884 77313 18
143884 77314 18
143884 77315 18
143884 77316 18
143884 77317 18
143884 77318 18
143884 77319 18
143884 77320 18
143885 77263 18
143885 77264 18
143885 77265 18
143885 77266 18
143885 77267 18
143885 77268 18
143885 77269 18
143885 77270 18
143885 77271 18
143885 77272 18
143885 77273 18
143885 77274 18
143885 77275 18
143885 77276 18
143885 77277 18
143885 77278 18
143885 77279 18
143885 77280 18
143885 77281 18
143885 77282 18
143885 77283 18
143885 77284 18
143885 77285 18
143885 77286 18
143885 77287 18
143885 77288 18
143885 77289 18
143885 77290 18
143885 77291 18
143885 77292 18
143885 77293 18
143885 77294 18
143885 77295 18
143885 77296 18
143885 77297 18
143885 77298 18
143885 77299 18
143885 77300 18
143885 77301 18
143885 77302 18
143885 77303 18
143885 77304 18
143885 77305 18
143885 77306 18
143885 77307 18
143885 77308 18
143885 77309 18
143885 77310 18
143885 77311 18
143885 77312 18
143885 77313 18
143885 77314 18
143885 77315 18
143885 77316 18
143885 77317 18
143885 77318 18
143885 77319 18
143885 77320 18
143886 77263 18
143886 77264 18
143886 77265 18
143886 77266 18
143886 77267 18
143886 77268 18
143886 77269 18
143886 77270 18
143886 77271 18
143886 77272 18
143886 77273 18
143886 77274 18
143886 77275 18
143886 77276 18
143886 77277 18
143886 77278 18
143886 77279 18
143886 77280 18
143886 77281 18
143886 77282 18
143886 77283 18
143886 77284 18
143886 77285 18
143886 77286 18
143886 77287 18
143886 77288 18
143886 77289 18
143886 77290 18
143886 77291 18
143886 77292 18
143886 77293 18
143886 77294 18
143886 77295 18
143886 77296 18
143886 77297 18
143886 77298 18
143886 77299 18
143886 77300 18
143886 77301 18
143886 77302 18
143886 77303 18
143886 77304 18
143886 77305 18
143886 77306 18
143886 77307 18
143886 77308 18
143886 77309 18
143886 77310 18
143886 77311 18
143886 77312 18
143886 77313 18
143886 77314 18
143886 77315 18
143886 77316 18
143886 77317 18
143886 77318 18
143886 77319 18
143886 77320 18
143887 77263 18
143887 77264 18
143887 77265 18
143887 77266 18
143887 77267 18
143887 77268 18
143887 77269 18
143887 77270 18
143887 77271 18
143887 77272 18
143887 77273 18
143887 77274 18
143887 77275 18
143887 77276 18
143887 77277 18
143887 77278 18
143887 77279 18
143887 77280 18
143887 77281 18
143887 77282 18
143887 77283 18
143887 77284 18
143887 77285 18
143887 77286 18
143887 77287 18
143887 77288 18
143887 77289 18
143887 77290 18
143887 77291 18
143887 77292 18
143887 77293 18
143887 77294 18
143887 77295 18
143887 77296 18
143887 77297 18
143887 77298 18
143887 77299 18
143887 77300 18
143887 77301 18
143887 77302 18
143887 77303 18
143887 77304 18
143887 77305 18
143887 77306 18
143887 77307 18
143887 77308 18
143887 77309 18
143887 77310 18
143887 77311 18
143887 77312 18
143887 77313 18
143887 77314 18
143887 77315 18
143887 77316 18
143887 77317 18
143887 77318 18
143887 77319 18
143887 77320 18
143888 77263 18
143888 77264 18
143888 77265 18
143888 77266 18
143888 77267 18
143888 77268 18
143888 77269 18
143888 77270 18
143888 77271 18
143888 77272 18
143888 77273 18
143888 77274 18
143888 77275 18
143888 77276 18
143888 77277 18
143888 77278 18
143888 77279 18
143888 77280 18
143888 77281 18
143888 77282 18
143888 77283 18
143888 77284 18
143888 77285 18
143888 77286 18
143888 77287 18
143888 77288 18
143888 77289 18
143888 77290 18
143888 77291 18
143888 77292 18
143888 77293 18
143888 77294 18
143888 77295 18
143888 77296 18
143888 77297 18
143888 77298 18
143888 77299 18
143888 77300 18
143888 77301 18
143888 77302 18
143888 77303 18
143888 77304 18
143888 77305 18
143888 77306 18
143888 77307 18
143888 77308 18
143888 77309 18
143888 77310 18
143888 77311 18
143888 77312 18
143888 77313 18
143888 77314 18
143888 77315 18
143888 77316 18
143888 77317 18
143888 77318 18
143888 77319 18
143888 77320 18
143889 77263 18
143889 77264 18
143889 77265 18
143889 77266 18
143889 77267 18
143889 77268 18
143889 77269 18
143889 77270 18
143889 77271 18
143889 77272 18
143889 77273 18
143889 77274 18
143889 77275 18
143889 77276 18
143889 77277 18
143889 77278 18
143889 77279 18
143889 77280 18
143889 77281 18
143889 77282 18
143889 77283 18
143889 77284 18
143889 77285 18
143889 77286 18
143889 77287 18
143889 77288 18
143889 77289 18
143889 77290 18
143889 77291 18
143889 77292 18
143889 77293 18
143889 77294 18
143889 77295 18
143889 77296 18
143889 77297 18
143889 77298 18
143889 77299 18
143889 77300 18
143889 77301 18
143889 77302 18
143889 77303 18
143889 77304 18
143889 77305 18
143889 77306 18
143889 77307 18
143889 77308 18
143889 77309 18
143889 77310 18
143889 77311 18
143889 77312 18
143889 77313 18
143889 77314 18
143889 77315 18
143889 77316 18
143889 77317 18
143889 77318 18
143889 77319 18
143889 77320 18
143890 77263 18
143890 77264 18
143890 77265 18
143890 77266 18
143890 77267 18
143890 77268 18
143890 77269 18
143890 77270 18
143890 77271 18
143890 77272 18
143890 77273 18
143890 77274 18
143890 77275 18
143890 77276 18
143890 77277 18
143890 77278 18
143890 77279 18
143890 77280 18
143890 77281 18
143890 77282 18
143890 77283 18
143890 77284 18
143890 77285 18
143890 77286 18
143890 77287 18
143890 77288 18
143890 77289 18
143890 77290 18
143890 77291 18
143890 77292 18
143890 77293 18
143890 77294 18
143890 77295 18
143890 77296 18
143890 77297 18
143890 77298 18
143890 77299 18
143890 77300 18
143890 77301 18
143890 77302 18
143890 77303 18
143890 77304 18
143890 77305 18
143890 77306 18
143890 77307 18
143890 77308 18
143890 77309 18
143890 77310 18
143890 77311 18
143890 77312 18
143890 77313 18
143890 77314 18
143890 77315 18
143890 77316 18
143890 77317 18
143890 77318 18
143890 77319 18
143890 77320 18
143891 77263 18
143891 77264 18
143891 77265 18
143891 77266 18
143891 77267 18
143891 77268 18
143891 77269 18
143891 77270 18
143891 77271 18
143891 77272 18
143891 77273 18
143891 77274 18
143891 77275 18
143891 77276 18
143891 77277 18
143891 77278 18
143891 77279 18
143891 77280 18
143891 77281 18
143891 77282 18
143891 77283 18
143891 77284 18
143891 77285 18
143891 77286 18
143891 77287 18
143891 77288 18
143891 77289 18
143891 77290 18
143891 77291 18
143891 77292 18
143891 77293 18
143891 77294 18
143891 77295 18
143891 77296 18
143891 77297 18
143891 77298 18
143891 77299 18
143891 77300 18
143891 77301 18
143891 77302 18
143891 77303 18
143891 77304 18
143891 77305 18
143891 77306 18
143891 77307 18
143891 77308 18
143891 77309 18
143891 77310 18
143891 77311 18
143891 77312 18
143891 77313 18
143891 77314 18
143891 77315 18
143891 77316 18
143891 77317 18
143891 77318 18
143891 77319 18
143891 77320 18
143892 77263 18
143892 77264 18
143892 77265 18
143892 77266 18
143892 77267 18
143892 77268 18
143892 77269 18
143892 77270 18
143892 77271 18
143892 77272 18
143892 77273 18
143892 77274 18
143892 77275 18
143892 77276 18
143892 77277 18
143892 77278 18
143892 77279 18
143892 77280 18
143892 77281 18
143892 77282 18
143892 77283 18
143892 77284 18
143892 77285 18
143892 77286 18
143892 77287 18
143892 77288 18
143892 77289 18
143892 77290 18
143892 77291 18
143892 77292 18
143892 77293 18
143892 77294 18
143892 77295 18
143892 77296 18
143892 77297 18
143892 77298 18
143892 77299 18
143892 77300 18
143892 77301 18
143892 77302 18
143892 77303 18
143892 77304 18
143892 77305 18
143892 77306 18
143892 77307 18
143892 77308 18
143892 77309 18
143892 77310 18
143892 77311 18
143892 77312 18
143892 77313 18
143892 77314 18
143892 77315 18
143892 77316 18
143892 77317 18
143892 77318 18
143892 77319 18
143892 77320 18
143893 77263 18
143893 77264 18
143893 77265 18
143893 77266 18
143893 77267 18
143893 77268 18
143893 77269 18
143893 77270 18
143893 77271 18
143893 77272 18
143893 77273 18
143893 77274 18
143893 77275 18
143893 77276 18
143893 77277 18
143893 77278 18
143893 77279 18
143893 77280 18
143893 77281 18
143893 77282 18
143893 77283 18
143893 77284 18
143893 77285 18
143893 77286 18
143893 77287 18
143893 77288 18
143893 77289 18
143893 77290 18
143893 77291 18
143893 77292 18
143893 77293 18
143893 77294 18
143893 77295 18
143893 77296 18
143893 77297 18
143893 77298 18
143893 77299 18
143893 77300 18
143893 77301 18
143893 77302 18
143893 77303 18
143893 77304 18
143893 77305 18
143893 77306 18
143893 77307 18
143893 77308 18
143893 77309 18
143893 77310 18
143893 77311 18
143893 77312 18
143893 77313 18
143893 77314 18
143893 77315 18
143893 77316 18
143893 77317 18
143893 77318 18
143893 77319 18
143893 77320 18
143894 77263 18
143894 77264 18
143894 77265 18
143894 77266 18
143894 77267 18
143894 77268 18
143894 77269 18
143894 77270 18
143894 77271 18
143894 77272 18
143894 77273 18
143894 77274 18
143894 77275 18
143894 77276 18
143894 77277 18
143894 77278 18
143894 77279 18
143894 77280 18
143894 77281 18
143894 77282 18
143894 77283 18
143894 77284 18
143894 77285 18
143894 77286 18
143894 77287 18
143894 77288 18
143894 77289 18
143894 77290 18
143894 77291 18
143894 77292 18
143894 77293 18
143894 77294 18
143894 77295 18
143894 77296 18
143894 77297 18
143894 77298 18
143894 77299 18
143894 77300 18
143894 77301 18
143894 77302 18
143894 77303 18
143894 77304 18
143894 77305 18
143894 77306 18
143894 77307 18
143894 77308 18
143894 77309 18
143894 77310 18
143894 77311 18
143894 77312 18
143894 77313 18
143894 77314 18
143894 77315 18
143894 77316 18
143894 77317 18
143894 77318 18
143894 77319 18
143894 77320 18
143895 77263 18
143895 77264 18
143895 77265 18
143895 77266 18
143895 77267 18
143895 77268 18
143895 77269 18
143895 77270 18
143895 77271 18
143895 77272 18
143895 77273 18
143895 77274 18
143895 77275 18
143895 77276 18
143895 77277 18
143895 77278 18
143895 77279 18
143895 77280 18
143895 77281 18
143895 77282 18
143895 77283 18
143895 77284 18
143895 77285 18
143895 77286 18
143895 77287 18
143895 77288 18
143895 77289 18
143895 77290 18
143895 77291 18
143895 77292 18
143895 77293 18
143895 77294 18
143895 77295 18
143895 77296 18
143895 77297 18
143895 77298 18
143895 77299 18
143895 77300 18
143895 77301 18
143895 77302 18
143895 77303 18
143895 77304 18
143895 77305 18
143895 77306 18
143895 77307 18
143895 77308 18
143895 77309 18
143895 77310 18
143895 77311 18
143895 77312 18
143895 77313 18
143895 77314 18
143895 77315 18
143895 77316 18
143895 77317 18
143895 77318 18
143895 77319 18
143895 77320 18
143896 77263 18
143896 77264 18
143896 77265 18
143896 77266 18
143896 77267 18
143896 77268 18
143896 77269 18
143896 77270 18
143896 77271 18
143896 77272 18
143896 77273 18
143896 77274 18
143896 77275 18
143896 77276 18
143896 77277 18
143896 77278 18
143896 77279 18
143896 77280 18
143896 77281 18
143896 77282 18
143896 77283 18
143896 77284 18
143896 77285 18
143896 77286 18
143896 77287 18
143896 77288 18
143896 77289 18
143896 77290 18
143896 77291 18
143896 77292 18
143896 77293 18
143896 77294 18
143896 77295 18
143896 77296 18
143896 77297 18
143896 77298 18
143896 77299 18
143896 77300 18
143896 77301 18
143896 77302 18
143896 77303 18
143896 77304 18
143896 77305 18
143896 77306 18
143896 77307 18
143896 77308 18
143896 77309 18
143896 77310 18
143896 77311 18
143896 77312 18
143896 77313 18
143896 77314 18
143896 77315 18
143896 77316 18
143896 77317 18
143896 77318 18
143896 77319 18
143896 77320 18
143897 77263 18
143897 77264 18
143897 77265 18
143897 77266 18
143897 77267 18
143897 77268 18
143897 77269 18
143897 77270 18
143897 77271 18
143897 77272 18
143897 77273 18
143897 77274 18
143897 77275 18
143897 77276 18
143897 77277 18
143897 77278 18
143897 77279 18
143897 77280 18
143897 77281 18
143897 77282 18
143897 77283 18
143897 77284 18
143897 77285 18
143897 77286 18
143897 77287 18
143897 77288 18
143897 77289 18
143897 77290 18
143897 77291 18
143897 77292 18
143897 77293 18
143897 77294 18
143897 77295 18
143897 77296 18
143897 77297 18
143897 77298 18
143897 77299 18
143897 77300 18
143897 77301 18
143897 77302 18
143897 77303 18
143897 77304 18
143897 77305 18
143897 77306 18
143897 77307 18
143897 77308 18
143897 77309 18
143897 77310 18
143897 77311 18
143897 77312 18
143897 77313 18
143897 77314 18
143897 77315 18
143897 77316 18
143897 77317 18
143897 77318 18
143897 77319 18
143897 77320 18
143898 77263 18
143898 77264 18
143898 77265 18
143898 77266 18
143898 77267 18
143898 77268 18
143898 77269 18
143898 77270 18
143898 77271 18
143898 77272 18
143898 77273 18
143898 77274 18
143898 77275 18
143898 77276 18
143898 77277 18
143898 77278 18
143898 77279 18
143898 77280 18
143898 77281 18
143898 77282 18
143898 77283 18
143898 77284 18
143898 77285 18
143898 77286 18
143898 77287 18
143898 77288 18
143898 77289 18
143898 77290 18
143898 77291 18
143898 77292 18
143898 77293 18
143898 77294 18
143898 77295 18
143898 77296 18
143898 77297 18
143898 77298 18
143898 77299 18
143898 77300 18
143898 77301 18
143898 77302 18
143898 77303 18
143898 77304 18
143898 77305 18
143898 77306 18
143898 77307 18
143898 77308 18
143898 77309 18
143898 77310 18
143898 77311 18
143898 77312 18
143898 77313 18
143898 77314 18
143898 77315 18
143898 77316 18
143898 77317 18
143898 77318 18
143898 77319 18
143898 77320 18
143899 77263 18
143899 77264 18
143899 77265 18
143899 77266 18
143899 77267 18
143899 77268 18
143899 77269 18
143899 77270 18
143899 77271 18
143899 77272 18
143899 77273 18
143899 77274 18
143899 77275 18
143899 77276 18
143899 77277 18
143899 77278 18
143899 77279 18
143899 77280 18
143899 77281 18
143899 77282 18
143899 77283 18
143899 77284 18
143899 77285 18
143899 77286 18
143899 77287 18
143899 77288 18
143899 77289 18
143899 77290 18
143899 77291 18
143899 77292 18
143899 77293 18
143899 77294 18
143899 77295 18
143899 77296 18
143899 77297 18
143899 77298 18
143899 77299 18
143899 77300 18
143899 77301 18
143899 77302 18
143899 77303 18
143899 77304 18
143899 77305 18
143899 77306 18
143899 77307 18
143899 77308 18
143899 77309 18
143899 77310 18
143899 77311 18
143899 77312 18
143899 77313 18
143899 77314 18
143899 77315 18
143899 77316 18
143899 77317 18
143899 77318 18
143899 77319 18
143899 77320 18
143900 77263 18
143900 77264 18
143900 77265 18
143900 77266 18
143900 77267 18
143900 77268 18
143900 77269 18
143900 77270 18
143900 77271 18
143900 77272 18
143900 77273 18
143900 77274 18
143900 77275 18
143900 77276 18
143900 77277 18
143900 77278 18
143900 77279 18
143900 77280 18
143900 77281 18
143900 77282 18
143900 77283 18
143900 77284 18
143900 77285 18
143900 77286 18
143900 77287 18
143900 77288 18
143900 77289 18
143900 77290 18
143900 77291 18
143900 77292 18
143900 77293 18
143900 77294 18
143900 77295 18
143900 77296 18
143900 77297 18
143900 77298 18
143900 77299 18
143900 77300 18
143900 77301 18
143900 77302 18
143900 77303 18
143900 77304 18
143900 77305 18
143900 77306 18
143900 77307 18
143900 77308 18
143900 77309 18
143900 77310 18
143900 77311 18
143900 77312 18
143900 77313 18
143900 77314 18
143900 77315 18
143900 77316 18
143900 77317 18
143900 77318 18
143900 77319 18
143900 77320 18
143901 77263 18
143901 77264 18
143901 77265 18
143901 77266 18
143901 77267 18
143901 77268 18
143901 77269 18
143901 77270 18
143901 77271 18
143901 77272 18
143901 77273 18
143901 77274 18
143901 77275 18
143901 77276 18
143901 77277 18
143901 77278 18
143901 77279 18
143901 77280 18
143901 77281 18
143901 77282 18
143901 77283 18
143901 77284 18
143901 77285 18
143901 77286 18
143901 77287 18
143901 77288 18
143901 77289 18
143901 77290 18
143901 77291 18
143901 77292 18
143901 77293 18
143901 77294 18
143901 77295 18
143901 77296 18
143901 77297 18
143901 77298 18
143901 77299 18
143901 77300 18
143901 77301 18
143901 77302 18
143901 77303 18
143901 77304 18
143901 77305 18
143901 77306 18
143901 77307 18
143901 77308 18
143901 77309 18
143901 77310 18
143901 77311 18
143901 77312 18
143901 77313 18
143901 77314 18
143901 77315 18
143901 77316 18
143901 77317 18
143901 77318 18
143901 77319 18
143901 77320 18
143902 77263 18
143902 77264 18
143902 77265 18
143902 77266 18
143902 77267 18
143902 77268 18
143902 77269 18
143902 77270 18
143902 77271 18
143902 77272 18
143902 77273 18
143902 77274 18
143902 77275 18
143902 77276 18
143902 77277 18
143902 77278 18
143902 77279 18
143902 77280 18
143902 77281 18
143902 77282 18
143902 77283 18
143902 77284 18
143902 77285 18
143902 77286 18
143902 77287 18
143902 77288 18
143902 77289 18
143902 77290 18
143902 77291 18
143902 77292 18
143902 77293 18
143902 77294 18
143902 77295 18
143902 77296 18
143902 77297 18
143902 77298 18
143902 77299 18
143902 77300 18
143902 77301 18
143902 77302 18
143902 77303 18
143902 77304 18
143902 77305 18
143902 77306 18
143902 77307 18
143902 77308 18
143902 77309 18
143902 77310 18
143902 77311 18
143902 77312 18
143902 77313 18
143902 77314 18
143902 77315 18
143902 77316 18
143902 77317 18
143902 77318 18
143902 77319 18
143902 77320 18
143903 77263 18
143903 77264 18
143903 77265 18
143903 77266 18
143903 77267 18
143903 77268 18
143903 77269 18
143903 77270 18
143903 77271 18
143903 77272 18
143903 77273 18
143903 77274 18
143903 77275 18
143903 77276 18
143903 77277 18
143903 77278 18
143903 77279 18
143903 77280 18
143903 77281 18
143903 77282 18
143903 77283 18
143903 77284 18
143903 77285 18
143903 77286 18
143903 77287 18
143903 77288 18
143903 77289 18
143903 77290 18
143903 77291 18
143903 77292 18
143903 77293 18
143903 77294 18
143903 77295 18
143903 77296 18
143903 77297 18
143903 77298 18
143903 77299 18
143903 77300 18
143903 77301 18
143903 77302 18
143903 77303 18
143903 77304 18
143903 77305 18
143903 77306 18
143903 77307 18
143903 77308 18
143903 77309 18
143903 77310 18
143903 77311 18
143903 77312 18
143903 77313 18
143903 77314 18
143903 77315 18
143903 77316 18
143903 77317 18
143903 77318 18
143903 77319 18
143903 77320 18
143904 77263 18
143904 77264 18
143904 77265 18
143904 77266 18
143904 77267 18
143904 77268 18
143904 77269 18
143904 77270 18
143904 77271 18
143904 77272 18
143904 77273 18
143904 77274 18
143904 77275 18
143904 77276 18
143904 77277 18
143904 77278 18
143904 77279 18
143904 77280 18
143904 77281 18
143904 77282 18
143904 77283 18
143904 77284 18
143904 77285 18
143904 77286 18
143904 77287 18
143904 77288 18
143904 77289 18
143904 77290 18
143904 77291 18
143904 77292 18
143904 77293 18
143904 77294 18
143904 77295 18
143904 77296 18
143904 77297 18
143904 77298 18
143904 77299 18
143904 77300 18
143904 77301 18
143904 77302 18
143904 77303 18
143904 77304 18
143904 77305 18
143904 77306 18
143904 77307 18
143904 77308 18
143904 77309 18
143904 77310 18
143904 77311 18
143904 77312 18
143904 77313 18
143904 77314 18
143904 77315 18
143904 77316 18
143904 77317 18
143904 77318 18
143904 77319 18
143904 77320 18
143905 77263 18
143905 77264 18
143905 77265 18
143905 77266 18
143905 77267 18
143905 77268 18
143905 77269 18
143905 77270 18
143905 77271 18
143905 77272 18
143905 77273 18
143905 77274 18
143905 77275 18
143905 77276 18
143905 77277 18
143905 77278 18
143905 77279 18
143905 77280 18
143905 77281 18
143905 77282 18
143905 77283 18
143905 77284 18
143905 77285 18
143905 77286 18
143905 77287 18
143905 77288 18
143905 77289 18
143905 77290 18
143905 77291 18
143905 77292 18
143905 77293 18
143905 77294 18
143905 77295 18
143905 77296 18
143905 77297 18
143905 77298 18
143905 77299 18
143905 77300 18
143905 77301 18
143905 77302 18
143905 77303 18
143905 77304 18
143905 77305 18
143905 77306 18
143905 77307 18
143905 77308 18
143905 77309 18
143905 77310 18
143905 77311 18
143905 77312 18
143905 77313 18
143905 77314 18
143905 77315 18
143905 77316 18
143905 77317 18
143905 77318 18
143905 77319 18
143905 77320 18
143906 77263 18
143906 77264 18
143906 77265 18
143906 77266 18
143906 77267 18
143906 77268 18
143906 77269 18
143906 77270 18
143906 77271 18
143906 77272 18
143906 77273 18
143906 77274 18
143906 77275 18
143906 77276 18
143906 77277 18
143906 77278 18
143906 77279 18
143906 77280 18
143906 77281 18
143906 77282 18
143906 77283 18
143906 77284 18
143906 77285 18
143906 77286 18
143906 77287 18
143906 77288 18
143906 77289 18
143906 77290 18
143906 77291 18
143906 77292 18
143906 77293 18
143906 77294 18
143906 77295 18
143906 77296 18
143906 77297 18
143906 77298 18
143906 77299 18
143906 77300 18
143906 77301 18
143906 77302 18
143906 77303 18
143906 77304 18
143906 77305 18
143906 77306 18
143906 77307 18
143906 77308 18
143906 77309 18
143906 77310 18
143906 77311 18
143906 77312 18
143906 77313 18
143906 77314 18
143906 77315 18
143906 77316 18
143906 77317 18
143906 77318 18
143906 77319 18
143906 77320 18
143907 77263 18
143907 77264 18
143907 77265 18
143907 77266 18
143907 77267 18
143907 77268 18
143907 77269 18
143907 77270 18
143907 77271 18
143907 77272 18
143907 77273 18
143907 77274 18
143907 77275 18
143907 77276 18
143907 77277 18
143907 77278 18
143907 77279 18
143907 77280 18
143907 77281 18
143907 77282 18
143907 77283 18
143907 77284 18
143907 77285 18
143907 77286 18
143907 77287 18
143907 77288 18
143907 77289 18
143907 77290 18
143907 77291 18
143907 77292 18
143907 77293 18
143907 77294 18
143907 77295 18
143907 77296 18
143907 77297 18
143907 77298 18
143907 77299 18
143907 77300 18
143907 77301 18
143907 77302 18
143907 77303 18
143907 77304 18
143907 77305 18
143907 77306 18
143907 77307 18
143907 77308 18
143907 77309 18
143907 77310 18
143907 77311 18
143907 77312 18
143907 77313 18
143907 77314 18
143907 77315 18
143907 77316 18
143907 77317 18
143907 77318 18
143907 77319 18
143907 77320 18
143908 77263 18
143908 77264 18
143908 77265 18
143908 77266 18
143908 77267 18
143908 77268 18
143908 77269 18
143908 77270 18
143908 77271 18
143908 77272 18
143908 77273 18
143908 77274 18
143908 77275 18
143908 77276 18
143908 77277 18
143908 77278 18
143908 77279 18
143908 77280 18
143908 77281 18
143908 77282 18
143908 77283 18
143908 77284 18
143908 77285 18
143908 77286 18
143908 77287 18
143908 77288 18
143908 77289 18
143908 77290 18
143908 77291 18
143908 77292 18
143908 77293 18
143908 77294 18
143908 77295 18
143908 77296 18
143908 77297 18
143908 77298 18
143908 77299 18
143908 77300 18
143908 77301 18
143908 77302 18
143908 77303 18
143908 77304 18
143908 77305 18
143908 77306 18
143908 77307 18
143908 77308 18
143908 77309 18
143908 77310 18
143908 77311 18
143908 77312 18
143908 77313 18
143908 77314 18
143908 77315 18
143908 77316 18
143908 77317 18
143908 77318 18
143908 77319 18
143908 77320 18
143909 77263 18
143909 77264 18
143909 77265 18
143909 77266 18
143909 77267 18
143909 77268 18
143909 77269 18
143909 77270 18
143909 77271 18
143909 77272 18
143909 77273 18
143909 77274 18
143909 77275 18
143909 77276 18
143909 77277 18
143909 77278 18
143909 77279 18
143909 77280 18
143909 77281 18
143909 77282 18
143909 77283 18
143909 77284 18
143909 77285 18
143909 77286 18
143909 77287 18
143909 77288 18
143909 77289 18
143909 77290 18
143909 77291 18
143909 77292 18
143909 77293 18
143909 77294 18
143909 77295 18
143909 77296 18
143909 77297 18
143909 77298 18
143909 77299 18
143909 77300 18
143909 77301 18
143909 77302 18
143909 77303 18
143909 77304 18
143909 77305 18
143909 77306 18
143909 77307 18
143909 77308 18
143909 77309 18
143909 77310 18
143909 77311 18
143909 77312 18
143909 77313 18
143909 77314 18
143909 77315 18
143909 77316 18
143909 77317 18
143909 77318 18
143909 77319 18
143909 77320 18
143910 77263 18
143910 77264 18
143910 77265 18
143910 77266 18
143910 77267 18
143910 77268 18
143910 77269 18
143910 77270 18
143910 77271 18
143910 77272 18
143910 77273 18
143910 77274 18
143910 77275 18
143910 77276 18
143910 77277 18
143910 77278 18
143910 77279 18
143910 77280 18
143910 77281 18
143910 77282 18
143910 77283 18
143910 77284 18
143910 77285 18
143910 77286 18
143910 77287 18
143910 77288 18
143910 77289 18
143910 77290 18
143910 77291 18
143910 77292 18
143910 77293 18
143910 77294 18
143910 77295 18
143910 77296 18
143910 77297 18
143910 77298 18
143910 77299 18
143910 77300 18
143910 77301 18
143910 77302 18
143910 77303 18
143910 77304 18
143910 77305 18
143910 77306 18
143910 77307 18
143910 77308 18
143910 77309 18
143910 77310 18
143910 77311 18
143910 77312 18
143910 77313 18
143910 77314 18
143910 77315 18
143910 77316 18
143910 77317 18
143910 77318 18
143910 77319 18
143910 77320 18
143911 77263 18
143911 77264 18
143911 77265 18
143911 77266 18
143911 77267 18
143911 77268 18
143911 77269 18
143911 77270 18
143911 77271 18
143911 77272 18
143911 77273 18
143911 77274 18
143911 77275 18
143911 77276 18
143911 77277 18
143911 77278 18
143911 77279 18
143911 77280 18
143911 77281 18
143911 77282 18
143911 77283 18
143911 77284 18
143911 77285 18
143911 77286 18
143911 77287 18
143911 77288 18
143911 77289 18
143911 77290 18
143911 77291 18
143911 77292 18
143911 77293 18
143911 77294 18
143911 77295 18
143911 77296 18
143911 77297 18
143911 77298 18
143911 77299 18
143911 77300 18
143911 77301 18
143911 77302 18
143911 77303 18
143911 77304 18
143911 77305 18
143911 77306 18
143911 77307 18
143911 77308 18
143911 77309 18
143911 77310 18
143911 77311 18
143911 77312 18
143911 77313 18
143911 77314 18
143911 77315 18
143911 77316 18
143911 77317 18
143911 77318 18
143911 77319 18
143911 77320 18
143912 77263 18
143912 77264 18
143912 77265 18
143912 77266 18
143912 77267 18
143912 77268 18
143912 77269 18
143912 77270 18
143912 77271 18
143912 77272 18
143912 77273 18
143912 77274 18
143912 77275 18
143912 77276 18
143912 77277 18
143912 77278 18
143912 77279 18
143912 77280 18
143912 77281 18
143912 77282 18
143912 77283 18
143912 77284 18
143912 77285 18
143912 77286 18
143912 77287 18
143912 77288 18
143912 77289 18
143912 77290 18
143912 77291 18
143912 77292 18
143912 77293 18
143912 77294 18
143912 77295 18
143912 77296 18
143912 77297 18
143912 77298 18
143912 77299 18
143912 77300 18
143912 77301 18
143912 77302 18
143912 77303 18
143912 77304 18
143912 77305 18
143912 77306 18
143912 77307 18
143912 77308 18
143912 77309 18
143912 77310 18
143912 77311 18
143912 77312 18
143912 77313 18
143912 77314 18
143912 77315 18
143912 77316 18
143912 77317 18
143912 77318 18
143912 77319 18
143912 77320 18
143913 77263 18
143913 77264 18
143913 77265 18
143913 77266 18
143913 77267 18
143913 77268 18
143913 77269 18
143913 77270 18
143913 77271 18
143913 77272 18
143913 77273 18
143913 77274 18
143913 77275 18
143913 77276 18
143913 77277 18
143913 77278 18
143913 77279 18
143913 77280 18
143913 77281 18
143913 77282 18
143913 77283 18
143913 77284 18
143913 77285 18
143913 77286 18
143913 77287 18
143913 77288 18
143913 77289 18
143913 77290 18
143913 77291 18
143913 77292 18
143913 77293 18
143913 77294 18
143913 77295 18
143913 77296 18
143913 77297 18
143913 77298 18
143913 77299 18
143913 77300 18
143913 77301 18
143913 77302 18
143913 77303 18
143913 77304 18
143913 77305 18
143913 77306 18
143913 77307 18
143913 77308 18
143913 77309 18
143913 77310 18
143913 77311 18
143913 77312 18
143913 77313 18
143913 77314 18
143913 77315 18
143913 77316 18
143913 77317 18
143913 77318 18
143913 77319 18
143913 77320 18
143914 77263 18
143914 77264 18
143914 77265 18
143914 77266 18
143914 77267 18
143914 77268 18
143914 77269 18
143914 77270 18
143914 77271 18
143914 77272 18
143914 77273 18
143914 77274 18
143914 77275 18
143914 77276 18
143914 77277 18
143914 77278 18
143914 77279 18
143914 77280 18
143914 77281 18
143914 77282 18
143914 77283 18
143914 77284 18
143914 77285 18
143914 77286 18
143914 77287 18
143914 77288 18
143914 77289 18
143914 77290 18
143914 77291 18
143914 77292 18
143914 77293 18
143914 77294 18
143914 77295 18
143914 77296 18
143914 77297 18
143914 77298 18
143914 77299 18
143914 77300 18
143914 77301 18
143914 77302 18
143914 77303 18
143914 77304 18
143914 77305 18
143914 77306 18
143914 77307 18
143914 77308 18
143914 77309 18
143914 77310 18
143914 77311 18
143914 77312 18
143914 77313 18
143914 77314 18
143914 77315 18
143914 77316 18
143914 77317 18
143914 77318 18
143914 77319 18
143914 77320 18
143915 77263 18
143915 77264 18
143915 77265 18
143915 77266 18
143915 77267 18
143915 77268 18
143915 77269 18
143915 77270 18
143915 77271 18
143915 77272 18
143915 77273 18
143915 77274 18
143915 77275 18
143915 77276 18
143915 77277 18
143915 77278 18
143915 77279 18
143915 77280 18
143915 77281 18
143915 77282 18
143915 77283 18
143915 77284 18
143915 77285 18
143915 77286 18
143915 77287 18
143915 77288 18
143915 77289 18
143915 77290 18
143915 77291 18
143915 77292 18
143915 77293 18
143915 77294 18
143915 77295 18
143915 77296 18
143915 77297 18
143915 77298 18
143915 77299 18
143915 77300 18
143915 77301 18
143915 77302 18
143915 77303 18
143915 77304 18
143915 77305 18
143915 77306 18
143915 77307 18
143915 77308 18
143915 77309 18
143915 77310 18
143915 77311 18
143915 77312 18
143915 77313 18
143915 77314 18
143915 77315 18
143915 77316 18
143915 77317 18
143915 77318 18
143915 77319 18
143915 77320 18
143916 77263 18
143916 77264 18
143916 77265 18
143916 77266 18
143916 77267 18
143916 77268 18
143916 77269 18
143916 77270 18
143916 77271 18
143916 77272 18
143916 77273 18
143916 77274 18
143916 77275 18
143916 77276 18
143916 77277 18
143916 77278 18
143916 77279 18
143916 77280 18
143916 77281 18
143916 77282 18
143916 77283 18
143916 77284 18
143916 77285 18
143916 77286 18
143916 77287 18
143916 77288 18
143916 77289 18
143916 77290 18
143916 77291 18
143916 77292 18
143916 77293 18
143916 77294 18
143916 77295 18
143916 77296 18
143916 77297 18
143916 77298 18
143916 77299 18
143916 77300 18
143916 77301 18
143916 77302 18
143916 77303 18
143916 77304 18
143916 77305 18
143916 77306 18
143916 77307 18
143916 77308 18
143916 77309 18
143916 77310 18
143916 77311 18
143916 77312 18
143916 77313 18
143916 77314 18
143916 77315 18
143916 77316 18
143916 77317 18
143916 77318 18
143916 77319 18
143916 77320 18
143917 77263 18
143917 77264 18
143917 77265 18
143917 77266 18
143917 77267 18
143917 77268 18
143917 77269 18
143917 77270 18
143917 77271 18
143917 77272 18
143917 77273 18
143917 77274 18
143917 77275 18
143917 77276 18
143917 77277 18
143917 77278 18
143917 77279 18
143917 77280 18
143917 77281 18
143917 77282 18
143917 77283 18
143917 77284 18
143917 77285 18
143917 77286 18
143917 77287 18
143917 77288 18
143917 77289 18
143917 77290 18
143917 77291 18
143917 77292 18
143917 77293 18
143917 77294 18
143917 77295 18
143917 77296 18
143917 77297 18
143917 77298 18
143917 77299 18
143917 77300 18
143917 77301 18
143917 77302 18
143917 77303 18
143917 77304 18
143917 77305 18
143917 77306 18
143917 77307 18
143917 77308 18
143917 77309 18
143917 77310 18
143917 77311 18
143917 77312 18
143917 77313 18
143917 77314 18
143917 77315 18
143917 77316 18
143917 77317 18
143917 77318 18
143917 77319 18
143917 77320 18
143918 77263 18
143918 77264 18
143918 77265 18
143918 77266 18
143918 77267 18
143918 77268 18
143918 77269 18
143918 77270 18
143918 77271 18
143918 77272 18
143918 77273 18
143918 77274 18
143918 77275 18
143918 77276 18
143918 77277 18
143918 77278 18
143918 77279 18
143918 77280 18
143918 77281 18
143918 77282 18
143918 77283 18
143918 77284 18
143918 77285 18
143918 77286 18
143918 77287 18
143918 77288 18
143918 77289 18
143918 77290 18
143918 77291 18
143918 77292 18
143918 77293 18
143918 77294 18
143918 77295 18
143918 77296 18
143918 77297 18
143918 77298 18
143918 77299 18
143918 77300 18
143918 77301 18
143918 77302 18
143918 77303 18
143918 77304 18
143918 77305 18
143918 77306 18
143918 77307 18
143918 77308 18
143918 77309 18
143918 77310 18
143918 77311 18
143918 77312 18
143918 77313 18
143918 77314 18
143918 77315 18
143918 77316 18
143918 77317 18
143918 77318 18
143918 77319 18
143918 77320 18
143919 77263 18
143919 77264 18
143919 77265 18
143919 77266 18
143919 77267 18
143919 77268 18
143919 77269 18
143919 77270 18
143919 77271 18
143919 77272 18
143919 77273 18
143919 77274 18
143919 77275 18
143919 77276 18
143919 77277 18
143919 77278 18
143919 77279 18
143919 77280 18
143919 77281 18
143919 77282 18
143919 77283 18
143919 77284 18
143919 77285 18
143919 77286 18
143919 77287 18
143919 77288 18
143919 77289 18
143919 77290 18
143919 77291 18
143919 77292 18
143919 77293 18
143919 77294 18
143919 77295 18
143919 77296 18
143919 77297 18
143919 77298 18
143919 77299 18
143919 77300 18
143919 77301 18
143919 77302 18
143919 77303 18
143919 77304 18
143919 77305 18
143919 77306 18
143919 77307 18
143919 77308 18
143919 77309 18
143919 77310 18
143919 77311 18
143919 77312 18
143919 77313 18
143919 77314 18
143919 77315 18
143919 77316 18
143919 77317 18
143919 77318 18
143919 77319 18
143919 77320 18
143920 77263 18
143920 77264 18
143920 77265 18
143920 77266 18
143920 77267 18
143920 77268 18
143920 77269 18
143920 77270 18
143920 77271 18
143920 77272 18
143920 77273 18
143920 77274 18
143920 77275 18
143920 77276 18
143920 77277 18
143920 77278 18
143920 77279 18
143920 77280 18
143920 77281 18
143920 77282 18
143920 77283 18
143920 77284 18
143920 77285 18
143920 77286 18
143920 77287 18
143920 77288 18
143920 77289 18
143920 77290 18
143920 77291 18
143920 77292 18
143920 77293 18
143920 77294 18
143920 77295 18
143920 77296 18
143920 77297 18
143920 77298 18
143920 77299 18
143920 77300 18
143920 77301 18
143920 77302 18
143920 77303 18
143920 77304 18
143920 77305 18
143920 77306 18
143920 77307 18
143920 77308 18
143920 77309 18
143920 77310 18
143920 77311 18
143920 77312 18
143920 77313 18
143920 77314 18
143920 77315 18
143920 77316 18
143920 77317 18
143920 77318 18
143920 77319 18
143920 77320 18
143921 77263 18
143921 77264 18
143921 77265 18
143921 77266 18
143921 77267 18
143921 77268 18
143921 77269 18
143921 77270 18
143921 77271 18
143921 77272 18
143921 77273 18
143921 77274 18
143921 77275 18
143921 77276 18
143921 77277 18
143921 77278 18
143921 77279 18
143921 77280 18
143921 77281 18
143921 77282 18
143921 77283 18
143921 77284 18
143921 77285 18
143921 77286 18
143921 77287 18
143921 77288 18
143921 77289 18
143921 77290 18
143921 77291 18
143921 77292 18
143921 77293 18
143921 77294 18
143921 77295 18
143921 77296 18
143921 77297 18
143921 77298 18
143921 77299 18
143921 77300 18
143921 77301 18
143921 77302 18
143921 77303 18
143921 77304 18
143921 77305 18
143921 77306 18
143921 77307 18
143921 77308 18
143921 77309 18
143921 77310 18
143921 77311 18
143921 77312 18
143921 77313 18
143921 77314 18
143921 77315 18
143921 77316 18
143921 77317 18
143921 77318 18
143921 77319 18
143921 77320 18
143922 77263 18
143922 77264 18
143922 77265 18
143922 77266 18
143922 77267 18
143922 77268 18
143922 77269 18
143922 77270 18
143922 77271 18
143922 77272 18
143922 77273 18
143922 77274 18
143922 77275 18
143922 77276 18
143922 77277 18
143922 77278 18
143922 77279 18
143922 77280 18
143922 77281 18
143922 77282 18
143922 77283 18
143922 77284 18
143922 77285 18
143922 77286 18
143922 77287 18
143922 77288 18
143922 77289 18
143922 77290 18
143922 77291 18
143922 77292 18
143922 77293 18
143922 77294 18
143922 77295 18
143922 77296 18
143922 77297 18
143922 77298 18
143922 77299 18
143922 77300 18
143922 77301 18
143922 77302 18
143922 77303 18
143922 77304 18
143922 77305 18
143922 77306 18
143922 77307 18
143922 77308 18
143922 77309 18
143922 77310 18
143922 77311 18
143922 77312 18
143922 77313 18
143922 77314 18
143922 77315 18
143922 77316 18
143922 77317 18
143922 77318 18
143922 77319 18
143922 77320 18
143923 77263 18
143923 77264 18
143923 77265 18
143923 77266 18
143923 77267 18
143923 77268 18
143923 77269 18
143923 77270 18
143923 77271 18
143923 77272 18
143923 77273 18
143923 77274 18
143923 77275 18
143923 77276 18
143923 77277 18
143923 77278 18
143923 77279 18
143923 77280 18
143923 77281 18
143923 77282 18
143923 77283 18
143923 77284 18
143923 77285 18
143923 77286 18
143923 77287 18
143923 77288 18
143923 77289 18
143923 77290 18
143923 77291 18
143923 77292 18
143923 77293 18
143923 77294 18
143923 77295 18
143923 77296 18
143923 77297 18
143923 77298 18
143923 77299 18
143923 77300 18
143923 77301 18
143923 77302 18
143923 77303 18
143923 77304 18
143923 77305 18
143923 77306 18
143923 77307 18
143923 77308 18
143923 77309 18
143923 77310 18
143923 77311 18
143923 77312 18
143923 77313 18
143923 77314 18
143923 77315 18
143923 77316 18
143923 77317 18
143923 77318 18
143923 77319 18
143923 77320 18
143924 77263 18
143924 77264 18
143924 77265 18
143924 77266 18
143924 77267 18
143924 77268 18
143924 77269 18
143924 77270 18
143924 77271 18
143924 77272 18
143924 77273 18
143924 77274 18
143924 77275 18
143924 77276 18
143924 77277 18
143924 77278 18
143924 77279 18
143924 77280 18
143924 77281 18
143924 77282 18
143924 77283 18
143924 77284 18
143924 77285 18
143924 77286 18
143924 77287 18
143924 77288 18
143924 77289 18
143924 77290 18
143924 77291 18
143924 77292 18
143924 77293 18
143924 77294 18
143924 77295 18
143924 77296 18
143924 77297 18
143924 77298 18
143924 77299 18
143924 77300 18
143924 77301 18
143924 77302 18
143924 77303 18
143924 77304 18
143924 77305 18
143924 77306 18
143924 77307 18
143924 77308 18
143924 77309 18
143924 77310 18
143924 77311 18
143924 77312 18
143924 77313 18
143924 77314 18
143924 77315 18
143924 77316 18
143924 77317 18
143924 77318 18
143924 77319 18
143924 77320 18
143925 77263 18
143925 77264 18
143925 77265 18
143925 77266 18
143925 77267 18
143925 77268 18
143925 77269 18
143925 77270 18
143925 77271 18
143925 77272 18
143925 77273 18
143925 77274 18
143925 77275 18
143925 77276 18
143925 77277 18
143925 77278 18
143925 77279 18
143925 77280 18
143925 77281 18
143925 77282 18
143925 77283 18
143925 77284 18
143925 77285 18
143925 77286 18
143925 77287 18
143925 77288 18
143925 77289 18
143925 77290 18
143925 77291 18
143925 77292 18
143925 77293 18
143925 77294 18
143925 77295 18
143925 77296 18
143925 77297 18
143925 77298 18
143925 77299 18
143925 77300 18
143925 77301 18
143925 77302 18
143925 77303 18
143925 77304 18
143925 77305 18
143925 77306 18
143925 77307 18
143925 77308 18
143925 77309 18
143925 77310 18
143925 77311 18
143925 77312 18
143925 77313 18
143925 77314 18
143925 77315 18
143925 77316 18
143925 77317 18
143925 77318 18
143925 77319 18
143925 77320 18
143926 77263 18
143926 77264 18
143926 77265 18
143926 77266 18
143926 77267 18
143926 77268 18
143926 77269 18
143926 77270 18
143926 77271 18
143926 77272 18
143926 77273 18
143926 77274 18
143926 77275 18
143926 77276 18
143926 77277 18
143926 77278 18
143926 77279 18
143926 77280 18
143926 77281 18
143926 77282 18
143926 77283 18
143926 77284 18
143926 77285 18
143926 77286 18
143926 77287 18
143926 77288 18
143926 77289 18
143926 77290 18
143926 77291 18
143926 77292 18
143926 77293 18
143926 77294 18
143926 77295 18
143926 77296 18
143926 77297 18
143926 77298 18
143926 77299 18
143926 77300 18
143926 77301 18
143926 77302 18
143926 77303 18
143926 77304 18
143926 77305 18
143926 77306 18
143926 77307 18
143926 77308 18
143926 77309 18
143926 77310 18
143926 77311 18
143926 77312 18
143926 77313 18
143926 77314 18
143926 77315 18
143926 77316 18
143926 77317 18
143926 77318 18
143926 77319 18
143926 77320 18
143927 77263 18
143927 77264 18
143927 77265 18
143927 77266 18
143927 77267 18
143927 77268 18
143927 77269 18
143927 77270 18
143927 77271 18
143927 77272 18
143927 77273 18
143927 77274 18
143927 77275 18
143927 77276 18
143927 77277 18
143927 77278 18
143927 77279 18
143927 77280 18
143927 77281 18
143927 77282 18
143927 77283 18
143927 77284 18
143927 77285 18
143927 77286 18
143927 77287 18
143927 77288 18
143927 77289 18
143927 77290 18
143927 77291 18
143927 77292 18
143927 77293 18
143927 77294 18
143927 77295 18
143927 77296 18
143927 77297 18
143927 77298 18
143927 77299 18
143927 77300 18
143927 77301 18
143927 77302 18
143927 77303 18
143927 77304 18
143927 77305 18
143927 77306 18
143927 77307 18
143927 77308 18
143927 77309 18
143927 77310 18
143927 77311 18
143927 77312 18
143927 77313 18
143927 77314 18
143927 77315 18
143927 77316 18
143927 77317 18
143927 77318 18
143927 77319 18
143927 77320 18
143928 77263 18
143928 77264 18
143928 77265 18
143928 77266 18
143928 77267 18
143928 77268 18
143928 77269 18
143928 77270 18
143928 77271 18
143928 77272 18
143928 77273 18
143928 77274 18
143928 77275 18
143928 77276 18
143928 77277 18
143928 77278 18
143928 77279 18
143928 77280 18
143928 77281 18
143928 77282 18
143928 77283 18
143928 77284 18
143928 77285 18
143928 77286 18
143928 77287 18
143928 77288 18
143928 77289 18
143928 77290 18
143928 77291 18
143928 77292 18
143928 77293 18
143928 77294 18
143928 77295 18
143928 77296 18
143928 77297 18
143928 77298 18
143928 77299 18
143928 77300 18
143928 77301 18
143928 77302 18
143928 77303 18
143928 77304 18
143928 77305 18
143928 77306 18
143928 77307 18
143928 77308 18
143928 77309 18
143928 77310 18
143928 77311 18
143928 77312 18
143928 77313 18
143928 77314 18
143928 77315 18
143928 77316 18
143928 77317 18
143928 77318 18
143928 77319 18
143928 77320 18
143929 77263 18
143929 77264 18
143929 77265 18
143929 77266 18
143929 77267 18
143929 77268 18
143929 77269 18
143929 77270 18
143929 77271 18
143929 77272 18
143929 77273 18
143929 77274 18
143929 77275 18
143929 77276 18
143929 77277 18
143929 77278 18
143929 77279 18
143929 77280 18
143929 77281 18
143929 77282 18
143929 77283 18
143929 77284 18
143929 77285 18
143929 77286 18
143929 77287 18
143929 77288 18
143929 77289 18
143929 77290 18
143929 77291 18
143929 77292 18
143929 77293 18
143929 77294 18
143929 77295 18
143929 77296 18
143929 77297 18
143929 77298 18
143929 77299 18
143929 77300 18
143929 77301 18
143929 77302 18
143929 77303 18
143929 77304 18
143929 77305 18
143929 77306 18
143929 77307 18
143929 77308 18
143929 77309 18
143929 77310 18
143929 77311 18
143929 77312 18
143929 77313 18
143929 77314 18
143929 77315 18
143929 77316 18
143929 77317 18
143929 77318 18
143929 77319 18
143929 77320 18
143930 77263 18
143930 77264 18
143930 77265 18
143930 77266 18
143930 77267 18
143930 77268 18
143930 77269 18
143930 77270 18
143930 77271 18
143930 77272 18
143930 77273 18
143930 77274 18
143930 77275 18
143930 77276 18
143930 77277 18
143930 77278 18
143930 77279 18
143930 77280 18
143930 77281 18
143930 77282 18
143930 77283 18
143930 77284 18
143930 77285 18
143930 77286 18
143930 77287 18
143930 77288 18
143930 77289 18
143930 77290 18
143930 77291 18
143930 77292 18
143930 77293 18
143930 77294 18
143930 77295 18
143930 77296 18
143930 77297 18
143930 77298 18
143930 77299 18
143930 77300 18
143930 77301 18
143930 77302 18
143930 77303 18
143930 77304 18
143930 77305 18
143930 77306 18
143930 77307 18
143930 77308 18
143930 77309 18
143930 77310 18
143930 77311 18
143930 77312 18
143930 77313 18
143930 77314 18
143930 77315 18
143930 77316 18
143930 77317 18
143930 77318 18
143930 77319 18
143930 77320 18
143931 77263 18
143931 77264 18
143931 77265 18
143931 77266 18
143931 77267 18
143931 77268 18
143931 77269 18
143931 77270 18
143931 77271 18
143931 77272 18
143931 77273 18
143931 77274 18
143931 77275 18
143931 77276 18
143931 77277 18
143931 77278 18
143931 77279 18
143931 77280 18
143931 77281 18
143931 77282 18
143931 77283 18
143931 77284 18
143931 77285 18
143931 77286 18
143931 77287 18
143931 77288 18
143931 77289 18
143931 77290 18
143931 77291 18
143931 77292 18
143931 77293 18
143931 77294 18
143931 77295 18
143931 77296 18
143931 77297 18
143931 77298 18
143931 77299 18
143931 77300 18
143931 77301 18
143931 77302 18
143931 77303 18
143931 77304 18
143931 77305 18
143931 77306 18
143931 77307 18
143931 77308 18
143931 77309 18
143931 77310 18
143931 77311 18
143931 77312 18
143931 77313 18
143931 77314 18
143931 77315 18
143931 77316 18
143931 77317 18
143931 77318 18
143931 77319 18
143931 77320 18
143932 77263 18
143932 77264 18
143932 77265 18
143932 77266 18
143932 77267 18
143932 77268 18
143932 77269 18
143932 77270 18
143932 77271 18
143932 77272 18
143932 77273 18
143932 77274 18
143932 77275 18
143932 77276 18
143932 77277 18
143932 77278 18
143932 77279 18
143932 77280 18
143932 77281 18
143932 77282 18
143932 77283 18
143932 77284 18
143932 77285 18
143932 77286 18
143932 77287 18
143932 77288 18
143932 77289 18
143932 77290 18
143932 77291 18
143932 77292 18
143932 77293 18
143932 77294 18
143932 77295 18
143932 77296 18
143932 77297 18
143932 77298 18
143932 77299 18
143932 77300 18
143932 77301 18
143932 77302 18
143932 77303 18
143932 77304 18
143932 77305 18
143932 77306 18
143932 77307 18
143932 77308 18
143932 77309 18
143932 77310 18
143932 77311 18
143932 77312 18
143932 77313 18
143932 77314 18
143932 77315 18
143932 77316 18
143932 77317 18
143932 77318 18
143932 77319 18
143932 77320 18
143933 77263 18
143933 77264 18
143933 77265 18
143933 77266 18
143933 77267 18
143933 77268 18
143933 77269 18
143933 77270 18
143933 77271 18
143933 77272 18
143933 77273 18
143933 77274 18
143933 77275 18
143933 77276 18
143933 77277 18
143933 77278 18
143933 77279 18
143933 77280 18
143933 77281 18
143933 77282 18
143933 77283 18
143933 77284 18
143933 77285 18
143933 77286 18
143933 77287 18
143933 77288 18
143933 77289 18
143933 77290 18
143933 77291 18
143933 77292 18
143933 77293 18
143933 77294 18
143933 77295 18
143933 77296 18
143933 77297 18
143933 77298 18
143933 77299 18
143933 77300 18
143933 77301 18
143933 77302 18
143933 77303 18
143933 77304 18
143933 77305 18
143933 77306 18
143933 77307 18
143933 77308 18
143933 77309 18
143933 77310 18
143933 77311 18
143933 77312 18
143933 77313 18
143933 77314 18
143933 77315 18
143933 77316 18
143933 77317 18
143933 77318 18
143933 77319 18
143933 77320 18
143934 77263 18
143934 77264 18
143934 77265 18
143934 77266 18
143934 77267 18
143934 77268 18
143934 77269 18
143934 77270 18
143934 77271 18
143934 77272 18
143934 77273 18
143934 77274 18
143934 77275 18
143934 77276 18
143934 77277 18
143934 77278 18
143934 77279 18
143934 77280 18
143934 77281 18
143934 77282 18
143934 77283 18
143934 77284 18
143934 77285 18
143934 77286 18
143934 77287 18
143934 77288 18
143934 77289 18
143934 77290 18
143934 77291 18
143934 77292 18
143934 77293 18
143934 77294 18
143934 77295 18
143934 77296 18
143934 77297 18
143934 77298 18
143934 77299 18
143934 77300 18
143934 77301 18
143934 77302 18
143934 77303 18
143934 77304 18
143934 77305 18
143934 77306 18
143934 77307 18
143934 77308 18
143934 77309 18
143934 77310 18
143934 77311 18
143934 77312 18
143934 77313 18
143934 77314 18
143934 77315 18
143934 77316 18
143934 77317 18
143934 77318 18
143934 77319 18
143934 77320 18
143935 77263 18
143935 77264 18
143935 77265 18
143935 77266 18
143935 77267 18
143935 77268 18
143935 77269 18
143935 77270 18
143935 77271 18
143935 77272 18
143935 77273 18
143935 77274 18
143935 77275 18
143935 77276 18
143935 77277 18
143935 77278 18
143935 77279 18
143935 77280 18
143935 77281 18
143935 77282 18
143935 77283 18
143935 77284 18
143935 77285 18
143935 77286 18
143935 77287 18
143935 77288 18
143935 77289 18
143935 77290 18
143935 77291 18
143935 77292 18
143935 77293 18
143935 77294 18
143935 77295 18
143935 77296 18
143935 77297 18
143935 77298 18
143935 77299 18
143935 77300 18
143935 77301 18
143935 77302 18
143935 77303 18
143935 77304 18
143935 77305 18
143935 77306 18
143935 77307 18
143935 77308 18
143935 77309 18
143935 77310 18
143935 77311 18
143935 77312 18
143935 77313 18
143935 77314 18
143935 77315 18
143935 77316 18
143935 77317 18
143935 77318 18
143935 77319 18
143935 77320 18
143936 77263 18
143936 77264 18
143936 77265 18
143936 77266 18
143936 77267 18
143936 77268 18
143936 77269 18
143936 77270 18
143936 77271 18
143936 77272 18
143936 77273 18
143936 77274 18
143936 77275 18
143936 77276 18
143936 77277 18
143936 77278 18
143936 77279 18
143936 77280 18
143936 77281 18
143936 77282 18
143936 77283 18
143936 77284 18
143936 77285 18
143936 77286 18
143936 77287 18
143936 77288 18
143936 77289 18
143936 77290 18
143936 77291 18
143936 77292 18
143936 77293 18
143936 77294 18
143936 77295 18
143936 77296 18
143936 77297 18
143936 77298 18
143936 77299 18
143936 77300 18
143936 77301 18
143936 77302 18
143936 77303 18
143936 77304 18
143936 77305 18
143936 77306 18
143936 77307 18
143936 77308 18
143936 77309 18
143936 77310 18
143936 77311 18
143936 77312 18
143936 77313 18
143936 77314 18
143936 77315 18
143936 77316 18
143936 77317 18
143936 77318 18
143936 77319 18
143936 77320 18
143937 77263 18
143937 77264 18
143937 77265 18
143937 77266 18
143937 77267 18
143937 77268 18
143937 77269 18
143937 77270 18
143937 77271 18
143937 77272 18
143937 77273 18
143937 77274 18
143937 77275 18
143937 77276 18
143937 77277 18
143937 77278 18
143937 77279 18
143937 77280 18
143937 77281 18
143937 77282 18
143937 77283 18
143937 77284 18
143937 77285 18
143937 77286 18
143937 77287 18
143937 77288 18
143937 77289 18
143937 77290 18
143937 77291 18
143937 77292 18
143937 77293 18
143937 77294 18
143937 77295 18
143937 77296 18
143937 77297 18
143937 77298 18
143937 77299 18
143937 77300 18
143937 77301 18
143937 77302 18
143937 77303 18
143937 77304 18
143937 77305 18
143937 77306 18
143937 77307 18
143937 77308 18
143937 77309 18
143937 77310 18
143937 77311 18
143937 77312 18
143937 77313 18
143937 77314 18
143937 77315 18
143937 77316 18
143937 77317 18
143937 77318 18
143937 77319 18
143937 77320 18
143938 77263 18
143938 77264 18
143938 77265 18
143938 77266 18
143938 77267 18
143938 77268 18
143938 77269 18
143938 77270 18
143938 77271 18
143938 77272 18
143938 77273 18
143938 77274 18
143938 77275 18
143938 77276 18
143938 77277 18
143938 77278 18
143938 77279 18
143938 77280 18
143938 77281 18
143938 77282 18
143938 77283 18
143938 77284 18
143938 77285 18
143938 77286 18
143938 77287 18
143938 77288 18
143938 77289 18
143938 77290 18
143938 77291 18
143938 77292 18
143938 77293 18
143938 77294 18
143938 77295 18
143938 77296 18
143938 77297 18
143938 77298 18
143938 77299 18
143938 77300 18
143938 77301 18
143938 77302 18
143938 77303 18
143938 77304 18
143938 77305 18
143938 77306 18
143938 77307 18
143938 77308 18
143938 77309 18
143938 77310 18
143938 77311 18
143938 77312 18
143938 77313 18
143938 77314 18
143938 77315 18
143938 77316 18
143938 77317 18
143938 77318 18
143938 77319 18
143938 77320 18
143939 77263 18
143939 77264 18
143939 77265 18
143939 77266 18
143939 77267 18
143939 77268 18
143939 77269 18
143939 77270 18
143939 77271 18
143939 77272 18
143939 77273 18
143939 77274 18
143939 77275 18
143939 77276 18
143939 77277 18
143939 77278 18
143939 77279 18
143939 77280 18
143939 77281 18
143939 77282 18
143939 77283 18
143939 77284 18
143939 77285 18
143939 77286 18
143939 77287 18
143939 77288 18
143939 77289 18
143939 77290 18
143939 77291 18
143939 77292 18
143939 77293 18
143939 77294 18
143939 77295 18
143939 77296 18
143939 77297 18
143939 77298 18
143939 77299 18
143939 77300 18
143939 77301 18
143939 77302 18
143939 77303 18
143939 77304 18
143939 77305 18
143939 77306 18
143939 77307 18
143939 77308 18
143939 77309 18
143939 77310 18
143939 77311 18
143939 77312 18
143939 77313 18
143939 77314 18
143939 77315 18
143939 77316 18
143939 77317 18
143939 77318 18
143939 77319 18
143939 77320 18
143940 77263 18
143940 77264 18
143940 77265 18
143940 77266 18
143940 77267 18
143940 77268 18
143940 77269 18
143940 77270 18
143940 77271 18
143940 77272 18
143940 77273 18
143940 77274 18
143940 77275 18
143940 77276 18
143940 77277 18
143940 77278 18
143940 77279 18
143940 77280 18
143940 77281 18
143940 77282 18
143940 77283 18
143940 77284 18
143940 77285 18
143940 77286 18
143940 77287 18
143940 77288 18
143940 77289 18
143940 77290 18
143940 77291 18
143940 77292 18
143940 77293 18
143940 77294 18
143940 77295 18
143940 77296 18
143940 77297 18
143940 77298 18
143940 77299 18
143940 77300 18
143940 77301 18
143940 77302 18
143940 77303 18
143940 77304 18
143940 77305 18
143940 77306 18
143940 77307 18
143940 77308 18
143940 77309 18
143940 77310 18
143940 77311 18
143940 77312 18
143940 77313 18
143940 77314 18
143940 77315 18
143940 77316 18
143940 77317 18
143940 77318 18
143940 77319 18
143940 77320 18
143941 77263 18
143941 77264 18
143941 77265 18
143941 77266 18
143941 77267 18
143941 77268 18
143941 77269 18
143941 77270 18
143941 77271 18
143941 77272 18
143941 77273 18
143941 77274 18
143941 77275 18
143941 77276 18
143941 77277 18
143941 77278 18
143941 77279 18
143941 77280 18
143941 77281 18
143941 77282 18
143941 77283 18
143941 77284 18
143941 77285 18
143941 77286 18
143941 77287 18
143941 77288 18
143941 77289 18
143941 77290 18
143941 77291 18
143941 77292 18
143941 77293 18
143941 77294 18
143941 77295 18
143941 77296 18
143941 77297 18
143941 77298 18
143941 77299 18
143941 77300 18
143941 77301 18
143941 77302 18
143941 77303 18
143941 77304 18
143941 77305 18
143941 77306 18
143941 77307 18
143941 77308 18
143941 77309 18
143941 77310 18
143941 77311 18
143941 77312 18
143941 77313 18
143941 77314 18
143941 77315 18
143941 77316 18
143941 77317 18
143941 77318 18
143941 77319 18
143941 77320 18
143942 77263 18
143942 77264 18
143942 77265 18
143942 77266 18
143942 77267 18
143942 77268 18
143942 77269 18
143942 77270 18
143942 77271 18
143942 77272 18
143942 77273 18
143942 77274 18
143942 77275 18
143942 77276 18
143942 77277 18
143942 77278 18
143942 77279 18
143942 77280 18
143942 77281 18
143942 77282 18
143942 77283 18
143942 77284 18
143942 77285 18
143942 77286 18
143942 77287 18
143942 77288 18
143942 77289 18
143942 77290 18
143942 77291 18
143942 77292 18
143942 77293 18
143942 77294 18
143942 77295 18
143942 77296 18
143942 77297 18
143942 77298 18
143942 77299 18
143942 77300 18
143942 77301 18
143942 77302 18
143942 77303 18
143942 77304 18
143942 77305 18
143942 77306 18
143942 77307 18
143942 77308 18
143942 77309 18
143942 77310 18
143942 77311 18
143942 77312 18
143942 77313 18
143942 77314 18
143942 77315 18
143942 77316 18
143942 77317 18
143942 77318 18
143942 77319 18
143942 77320 18
143943 77263 18
143943 77264 18
143943 77265 18
143943 77266 18
143943 77267 18
143943 77268 18
143943 77269 18
143943 77270 18
143943 77271 18
143943 77272 18
143943 77273 18
143943 77274 18
143943 77275 18
143943 77276 18
143943 77277 18
143943 77278 18
143943 77279 18
143943 77280 18
143943 77281 18
143943 77282 18
143943 77283 18
143943 77284 18
143943 77285 18
143943 77286 18
143943 77287 18
143943 77288 18
143943 77289 18
143943 77290 18
143943 77291 18
143943 77292 18
143943 77293 18
143943 77294 18
143943 77295 18
143943 77296 18
143943 77297 18
143943 77298 18
143943 77299 18
143943 77300 18
143943 77301 18
143943 77302 18
143943 77303 18
143943 77304 18
143943 77305 18
143943 77306 18
143943 77307 18
143943 77308 18
143943 77309 18
143943 77310 18
143943 77311 18
143943 77312 18
143943 77313 18
143943 77314 18
143943 77315 18
143943 77316 18
143943 77317 18
143943 77318 18
143943 77319 18
143943 77320 18
143944 77263 18
143944 77264 18
143944 77265 18
143944 77266 18
143944 77267 18
143944 77268 18
143944 77269 18
143944 77270 18
143944 77271 18
143944 77272 18
143944 77273 18
143944 77274 18
143944 77275 18
143944 77276 18
143944 77277 18
143944 77278 18
143944 77279 18
143944 77280 18
143944 77281 18
143944 77282 18
143944 77283 18
143944 77284 18
143944 77285 18
143944 77286 18
143944 77287 18
143944 77288 18
143944 77289 18
143944 77290 18
143944 77291 18
143944 77292 18
143944 77293 18
143944 77294 18
143944 77295 18
143944 77296 18
143944 77297 18
143944 77298 18
143944 77299 18
143944 77300 18
143944 77301 18
143944 77302 18
143944 77303 18
143944 77304 18
143944 77305 18
143944 77306 18
143944 77307 18
143944 77308 18
143944 77309 18
143944 77310 18
143944 77311 18
143944 77312 18
143944 77313 18
143944 77314 18
143944 77315 18
143944 77316 18
143944 77317 18
143944 77318 18
143944 77319 18
143944 77320 18
143945 77263 18
143945 77264 18
143945 77265 18
143945 77266 18
143945 77267 18
143945 77268 18
143945 77269 18
143945 77270 18
143945 77271 18
143945 77272 18
143945 77273 18
143945 77274 18
143945 77275 18
143945 77276 18
143945 77277 18
143945 77278 18
143945 77279 18
143945 77280 18
143945 77281 18
143945 77282 18
143945 77283 18
143945 77284 18
143945 77285 18
143945 77286 18
143945 77287 18
143945 77288 18
143945 77289 18
143945 77290 18
143945 77291 18
143945 77292 18
143945 77293 18
143945 77294 18
143945 77295 18
143945 77296 18
143945 77297 18
143945 77298 18
143945 77299 18
143945 77300 18
143945 77301 18
143945 77302 18
143945 77303 18
143945 77304 18
143945 77305 18
143945 77306 18
143945 77307 18
143945 77308 18
143945 77309 18
143945 77310 18
143945 77311 18
143945 77312 18
143945 77313 18
143945 77314 18
143945 77315 18
143945 77316 18
143945 77317 18
143945 77318 18
143945 77319 18
143945 77320 18
143946 77263 18
143946 77264 18
143946 77265 18
143946 77266 18
143946 77267 18
143946 77268 18
143946 77269 18
143946 77270 18
143946 77271 18
143946 77272 18
143946 77273 18
143946 77274 18
143946 77275 18
143946 77276 18
143946 77277 18
143946 77278 18
143946 77279 18
143946 77280 18
143946 77281 18
143946 77282 18
143946 77283 18
143946 77284 18
143946 77285 18
143946 77286 18
143946 77287 18
143946 77288 18
143946 77289 18
143946 77290 18
143946 77291 18
143946 77292 18
143946 77293 18
143946 77294 18
143946 77295 18
143946 77296 18
143946 77297 18
143946 77298 18
143946 77299 18
143946 77300 18
143946 77301 18
143946 77302 18
143946 77303 18
143946 77304 18
143946 77305 18
143946 77306 18
143946 77307 18
143946 77308 18
143946 77309 18
143946 77310 18
143946 77311 18
143946 77312 18
143946 77313 18
143946 77314 18
143946 77315 18
143946 77316 18
143946 77317 18
143946 77318 18
143946 77319 18
143946 77320 18
